Read 9 queries.
Using Bao: True
0 0 1732424010.4291131 original_queries/q17_7a164.sql 11.503300905227661
0 1 1732424039.1269388 original_queries/q26_2a274.sql 28.697365045547485
0 2 1732424049.156677 original_queries/q14_6a349.sql 10.029644966125488
0 3 1732424057.910711 original_queries/q17_7a164.sql 8.75398302078247
0 4 1732424059.3626492 original_queries/q28_13a.sql 1.4518520832061768
0 5 1732424078.662281 original_queries/q26_2a274.sql 19.299447059631348
0 6 1732424087.077148 original_queries/q17_7a164.sql 8.414505004882812
0 7 1732424089.906687 original_queries/q28_13a.sql 2.829442024230957
0 8 1732424098.3510022 original_queries/q3_7a99.sql 8.4441978931427
0 9 1732424106.492675 original_queries/q14_6a349.sql 8.141603946685791
1 0 1732424108.839788 original_queries/q3_7a99.sql 2.3470458984375
1 1 1732424118.795418 original_queries/q36_7a136.sql 9.955564022064209
1 2 1732424119.059108 original_queries/q20_24b.sql 0.26360607147216797
1 3 1732424127.0548549 original_queries/q17_7a164.sql 7.995673179626465
1 4 1732424133.6184828 original_queries/q4_8a122.sql 6.563533782958984
1 5 1732424133.835121 original_queries/q20_24b.sql 0.21655607223510742
1 6 1732424142.185993 original_queries/q14_6a349.sql 8.350831985473633
1 7 1732424149.788002 original_queries/q14_6a349.sql 7.601963043212891
1 8 1732424158.1897988 original_queries/q3_7a99.sql 8.401693105697632
1 9 1732424160.164059 original_queries/q28_13a.sql 1.9741220474243164
2 0 1732424170.5358431 original_queries/q3_7a99.sql 10.371695041656494
2 1 1732424181.410149 original_queries/q36_7a136.sql 10.87424087524414
2 2 1732424206.4459012 original_queries/q26_2a274.sql 25.03561282157898
2 3 1732424214.2218869 original_queries/q4_8a122.sql 7.775902032852173
2 4 1732424214.4478312 original_queries/q20_24b.sql 0.22586584091186523
2 5 1732424236.055516 original_queries/q26_2a274.sql 21.60763120651245
2 6 1732424238.146291 original_queries/q3_7a99.sql 2.0906989574432373
2 7 1732424239.552811 original_queries/q28_13a.sql 1.4064428806304932
2 8 1732424249.1786869 original_queries/q3_7a99.sql 9.625766038894653
2 9 1732424250.537499 original_queries/q28_13a.sql 1.3586559295654297
3 0 1732424260.5977302 original_queries/q36_7a136.sql 10.060137033462524
3 1 1732424269.561291 original_queries/q14_6a349.sql 8.963478088378906
3 2 1732424286.9163399 original_queries/q1_8a463.sql 17.35493803024292
3 3 1732424305.8729951 original_queries/q1_8a463.sql 18.9566011428833
3 4 1732424317.305059 original_queries/q14_6a349.sql 11.431985855102539
3 5 1732424335.072347 original_queries/q1_8a463.sql 17.76723289489746
3 6 1732424344.6720152 original_queries/q14_6a349.sql 9.599625825881958
3 7 1732424363.053438 original_queries/q1_8a463.sql 18.38133692741394
3 8 1732424364.831145 original_queries/q28_13a.sql 1.777602195739746
3 9 1732424365.070007 original_queries/q20_24b.sql 0.2387378215789795
4 0 1732424365.23826 original_queries/q20_24b.sql 0.16820812225341797
4 1 1732424376.936587 original_queries/q17_7a164.sql 11.698289155960083
4 2 1732424396.102083 original_queries/q1_8a463.sql 19.165421962738037
4 3 1732424405.377602 original_queries/q4_8a122.sql 9.275482892990112
4 4 1732424406.190667 original_queries/q28_13a.sql 0.8129968643188477
4 5 1732424406.977213 original_queries/q28_13a.sql 0.7864830493927002
4 6 1732424415.9270852 original_queries/q17_7a164.sql 8.949811935424805
4 7 1732424425.574229 original_queries/q36_7a136.sql 9.647081136703491
4 8 1732424434.381682 original_queries/q17_7a164.sql 8.80733585357666
4 9 1732424434.667375 original_queries/q20_24b.sql 0.2855057716369629
5 0 1732424441.9441228 original_queries/q4_8a122.sql 7.276681184768677
5 1 1732424442.751203 original_queries/q28_13a.sql 0.8069870471954346
5 2 1732424443.541827 original_queries/q28_13a.sql 0.7905611991882324
5 3 1732424453.304188 original_queries/q36_7a136.sql 9.7622971534729
5 4 1732424462.5353658 original_queries/q3_7a99.sql 9.231100797653198
5 5 1732424472.5974798 original_queries/q36_7a136.sql 10.062036991119385
5 6 1732424491.0059378 original_queries/q1_8a463.sql 18.40836191177368
5 7 1732424502.3482618 original_queries/q14_6a349.sql 11.342286825180054
5 8 1732424521.1508 original_queries/q1_8a463.sql 18.802362203598022
5 9 1732424540.956005 original_queries/q1_8a463.sql 19.805005073547363
6 0 1732424552.31461 original_queries/q17_7a164.sql 11.358564138412476
6 1 1732424560.4111931 original_queries/q4_8a122.sql 8.096477031707764
6 2 1732424569.97262 original_queries/q3_7a99.sql 9.561341285705566
6 3 1732424588.4292521 original_queries/q1_8a463.sql 18.456432104110718
6 4 1732424590.16743 original_queries/q28_13a.sql 1.7379710674285889
6 5 1732424590.408523 original_queries/q20_24b.sql 0.2409970760345459
6 6 1732424599.309133 original_queries/q4_8a122.sql 8.900561094284058
6 7 1732424624.538075 original_queries/q26_2a274.sql 25.228848934173584
6 8 1732424643.0659041 original_queries/q1_8a463.sql 18.52773404121399
6 9 1732424663.293498 original_queries/q1_8a463.sql 20.227530002593994
7 0 1732424664.977081 original_queries/q28_13a.sql 1.6834981441497803
7 1 1732424685.218504 original_queries/q1_8a463.sql 20.241348266601562
7 2 1732424686.705076 original_queries/q28_13a.sql 1.4865260124206543
7 3 1732424695.720858 original_queries/q4_8a122.sql 9.015667915344238
7 4 1732424695.923363 original_queries/q20_24b.sql 0.20241475105285645
7 5 1732424705.506558 original_queries/q17_7a164.sql 9.583131074905396
7 6 1732424713.766277 original_queries/q4_8a122.sql 8.259328126907349
7 7 1732424740.862719 original_queries/q26_2a274.sql 27.095890998840332
7 8 1732424752.1003609 original_queries/q14_6a349.sql 11.237555265426636
7 9 1732424763.735277 original_queries/q14_6a349.sql 11.634846925735474
8 0 1732424775.0565581 original_queries/q14_6a349.sql 11.320990800857544
8 1 1732424777.280152 original_queries/q28_13a.sql 2.223145008087158
8 2 1732424788.30012 original_queries/q3_7a99.sql 11.019845962524414
8 3 1732424788.587818 original_queries/q20_24b.sql 0.2875950336456299
8 4 1732424799.184661 original_queries/q14_6a349.sql 10.596797943115234
8 5 1732424799.449677 original_queries/q20_24b.sql 0.26496315002441406
8 6 1732424809.056413 original_queries/q4_8a122.sql 9.60669493675232
8 7 1732424838.0289888 original_queries/q26_2a274.sql 28.972336292266846
8 8 1732424847.113309 original_queries/q4_8a122.sql 9.083935022354126
8 9 1732424849.133538 original_queries/q3_7a99.sql 2.0201380252838135
9 0 1732424859.0663319 original_queries/q14_6a349.sql 9.932693004608154
9 1 1732424869.945804 original_queries/q36_7a136.sql 10.879424095153809
9 2 1732424880.1542761 original_queries/q36_7a136.sql 10.208357810974121
9 3 1732424903.055972 original_queries/q26_2a274.sql 22.90161895751953
9 4 1732424919.513715 original_queries/q1_8a463.sql 16.457521200180054
9 5 1732424920.937619 original_queries/q28_13a.sql 1.4237229824066162
9 6 1732424929.7048671 original_queries/q17_7a164.sql 8.767198085784912
9 7 1732424929.974457 original_queries/q20_24b.sql 0.26950716972351074
9 8 1732424953.967785 original_queries/q26_2a274.sql 23.993290901184082
9 9 1732424962.003851 original_queries/q4_8a122.sql 8.035993099212646
10 0 1732424964.120727 original_queries/q3_7a99.sql 2.1167337894439697
10 1 1732424981.995008 original_queries/q1_8a463.sql 17.874204874038696
10 2 1732424999.6466718 original_queries/q26_2a274.sql 17.651549816131592
10 3 1732425009.6544042 original_queries/q17_7a164.sql 10.007643699645996
10 4 1732425016.868035 original_queries/q4_8a122.sql 7.213536024093628
10 5 1732425025.858613 original_queries/q3_7a99.sql 8.990493059158325
10 6 1732425043.756899 original_queries/q1_8a463.sql 17.898211002349854
10 7 1732425045.958509 original_queries/q28_13a.sql 2.201550245285034
10 8 1732425046.755347 original_queries/q28_13a.sql 0.7967519760131836
10 9 1732425056.87412 original_queries/q17_7a164.sql 10.118705987930298
11 0 1732425066.042756 original_queries/q36_7a136.sql 9.16857099533081
11 1 1732425090.389256 original_queries/q26_2a274.sql 24.346351146697998
11 2 1732425092.433323 original_queries/q3_7a99.sql 2.043940782546997
11 3 1732425110.604841 original_queries/q26_2a274.sql 18.171463012695312
11 4 1732425119.9915462 original_queries/q14_6a349.sql 9.386634826660156
11 5 1732425138.42769 original_queries/q1_8a463.sql 18.436073064804077
11 6 1732425151.641968 original_queries/q14_6a349.sql 13.214218854904175
11 7 1732425160.531565 original_queries/q4_8a122.sql 8.889488220214844
11 8 1732425170.543922 original_queries/q3_7a99.sql 10.012273073196411
11 9 1732425179.997212 original_queries/q3_7a99.sql 9.453216075897217
12 0 1732425198.37134 original_queries/q1_8a463.sql 18.37390398979187
12 1 1732425209.5188239 original_queries/q14_6a349.sql 11.147374629974365
12 2 1732425219.376773 original_queries/q3_7a99.sql 9.857873916625977
12 3 1732425229.4509282 original_queries/q4_8a122.sql 10.07405400276184
12 4 1732425239.4811652 original_queries/q14_6a349.sql 10.030118703842163
12 5 1732425256.674997 original_queries/q26_2a274.sql 17.19374108314514
12 6 1732425263.3606951 original_queries/q14_6a349.sql 6.685637950897217
12 7 1732425270.8987 original_queries/q36_7a136.sql 7.53793478012085
12 8 1732425278.988842 original_queries/q36_7a136.sql 8.09006118774414
12 9 1732425285.59126 original_queries/q17_7a164.sql 6.602329254150391
13 0 1732425308.6229272 original_queries/q26_2a274.sql 23.03155207633972
13 1 1732425323.894911 original_queries/q26_2a274.sql 15.27185583114624
13 2 1732425343.320746 original_queries/q1_8a463.sql 19.425644874572754
13 3 1732425346.703181 original_queries/q3_7a99.sql 3.382298707962036
13 4 1732425347.092896 original_queries/q20_24b.sql 0.38962483406066895
13 5 1732425359.218753 original_queries/q17_7a164.sql 12.125824928283691
13 6 1732425390.829706 original_queries/q26_2a274.sql 31.610857009887695
13 7 1732425401.703897 original_queries/q36_7a136.sql 10.874070167541504
13 8 1732425410.501096 original_queries/q17_7a164.sql 8.797096014022827
13 9 1732425427.7994418 original_queries/q1_8a463.sql 17.298045873641968
14 0 1732425436.681228 original_queries/q4_8a122.sql 8.881381034851074
14 1 1732425437.4944918 original_queries/q28_13a.sql 0.8132081031799316
14 2 1732425437.720656 original_queries/q20_24b.sql 0.22608685493469238
14 3 1732425464.816672 original_queries/q26_2a274.sql 27.095966815948486
14 4 1732425474.603986 original_queries/q17_7a164.sql 9.787193775177002
14 5 1732425492.255671 original_queries/q1_8a463.sql 17.651319980621338
14 6 1732425492.652927 original_queries/q20_24b.sql 0.39689111709594727
14 7 1732425494.350425 original_queries/q28_13a.sql 1.697458028793335
14 8 1732425514.014126 original_queries/q1_8a463.sql 19.663619995117188
14 9 1732425524.909031 original_queries/q17_7a164.sql 10.894824981689453
15 0 1732425537.611711 original_queries/q14_6a349.sql 12.702316045761108
15 1 1732425540.310862 original_queries/q28_13a.sql 2.6987900733947754
15 2 1732425560.1774778 original_queries/q1_8a463.sql 19.86648988723755
15 3 1732425570.636095 original_queries/q4_8a122.sql 10.458509922027588
15 4 1732425580.968021 original_queries/q3_7a99.sql 10.331845760345459
15 5 1732425589.561283 original_queries/q14_6a349.sql 8.593183994293213
15 6 1732425607.405254 original_queries/q1_8a463.sql 17.843897819519043
15 7 1732425618.75212 original_queries/q36_7a136.sql 11.346818923950195
15 8 1732425628.411989 original_queries/q17_7a164.sql 9.659764051437378
15 9 1732425636.729648 original_queries/q17_7a164.sql 8.317575931549072
16 0 1732425643.3661811 original_queries/q4_8a122.sql 6.636425018310547
16 1 1732425644.1965702 original_queries/q28_13a.sql 0.8303079605102539
16 2 1732425668.2439628 original_queries/q26_2a274.sql 24.047298908233643
16 3 1732425670.332976 original_queries/q3_7a99.sql 2.088935136795044
16 4 1732425681.57145 original_queries/q3_7a99.sql 11.238204002380371
16 5 1732425690.7979672 original_queries/q17_7a164.sql 9.226016759872437
16 6 1732425699.387708 original_queries/q14_6a349.sql 8.589657068252563
16 7 1732425699.6549828 original_queries/q20_24b.sql 0.2671642303466797
16 8 1732425699.820891 original_queries/q20_24b.sql 0.16587018966674805
16 9 1732425738.405635 original_queries/q26_2a274.sql 38.584453105926514
17 0 1732425751.9755352 original_queries/q36_7a136.sql 13.569334745407104
17 1 1732425763.48678 original_queries/q36_7a136.sql 11.511159181594849
17 2 1732425771.671545 original_queries/q4_8a122.sql 8.18468689918518
17 3 1732425783.497735 original_queries/q14_6a349.sql 11.826051235198975
17 4 1732425783.777003 original_queries/q20_24b.sql 0.27911996841430664
17 5 1732425783.941825 original_queries/q20_24b.sql 0.16480112075805664
17 6 1732425794.159062 original_queries/q3_7a99.sql 10.217210054397583
17 7 1732425812.68764 original_queries/q1_8a463.sql 18.528451919555664
17 8 1732425824.205018 original_queries/q17_7a164.sql 11.517181873321533
17 9 1732425853.6885161 original_queries/q26_2a274.sql 29.48337173461914
18 0 1732425854.046387 original_queries/q20_24b.sql 0.3577258586883545
18 1 1732425874.184871 original_queries/q1_8a463.sql 20.138223886489868
18 2 1732425896.084137 original_queries/q1_8a463.sql 21.898880004882812
18 3 1732425907.546096 original_queries/q4_8a122.sql 11.461787939071655
18 4 1732425907.747427 original_queries/q20_24b.sql 0.2012159824371338
18 5 1732425910.3227751 original_queries/q3_7a99.sql 2.5752949714660645
18 6 1732425949.361962 original_queries/q26_2a274.sql 39.03911113739014
18 7 1732425960.25527 original_queries/q14_6a349.sql 10.892993927001953
18 8 1732425968.9103758 original_queries/q4_8a122.sql 8.654451131820679
18 9 1732425978.708865 original_queries/q3_7a99.sql 9.798407793045044
19 0 1732425993.3556218 original_queries/q4_8a122.sql 14.646574020385742
19 1 1732426004.222655 original_queries/q4_8a122.sql 10.866819143295288
19 2 1732426006.634748 original_queries/q3_7a99.sql 2.411980152130127
19 3 1732426016.827806 original_queries/q17_7a164.sql 10.192944049835205
19 4 1732426048.150432 original_queries/q26_2a274.sql 31.322416067123413
19 5 1732426058.759684 original_queries/q17_7a164.sql 10.60896897315979
19 6 1732426059.025194 original_queries/q20_24b.sql 0.2653937339782715
19 7 1732426068.414589 original_queries/q14_6a349.sql 9.389349937438965
19 8 1732426068.662505 original_queries/q20_24b.sql 0.24787092208862305
19 9 1732426076.42802 original_queries/q4_8a122.sql 7.765468120574951
20 0 1732426093.402501 original_queries/q1_8a463.sql 16.97433876991272
20 1 1732426105.3001752 original_queries/q3_7a99.sql 11.897629737854004
20 2 1732426133.604079 original_queries/q26_2a274.sql 28.303745985031128
20 3 1732426133.931975 original_queries/q20_24b.sql 0.32773804664611816
20 4 1732426143.583793 original_queries/q4_8a122.sql 9.651716947555542
20 5 1732426150.7267551 original_queries/q4_8a122.sql 7.142858028411865
20 6 1732426151.609055 original_queries/q28_13a.sql 0.8822150230407715
20 7 1732426162.362623 original_queries/q36_7a136.sql 10.7534658908844
20 8 1732426171.002384 original_queries/q17_7a164.sql 8.63962197303772
20 9 1732426188.502819 original_queries/q1_8a463.sql 17.50034189224243
21 0 1732426198.582867 original_queries/q4_8a122.sql 10.079932928085327
21 1 1732426199.3979452 original_queries/q28_13a.sql 0.8149781227111816
21 2 1732426224.5770938 original_queries/q26_2a274.sql 25.17903709411621
21 3 1732426235.850688 original_queries/q36_7a136.sql 11.273496150970459
21 4 1732426245.102651 original_queries/q14_6a349.sql 9.251880884170532
21 5 1732426246.985458 original_queries/q28_13a.sql 1.8827450275421143
21 6 1732426263.970262 original_queries/q26_2a274.sql 16.98472023010254
21 7 1732426266.157603 original_queries/q3_7a99.sql 2.187243938446045
21 8 1732426274.0588531 original_queries/q17_7a164.sql 7.901162147521973
21 9 1732426280.151188 original_queries/q4_8a122.sql 6.0922510623931885
22 0 1732426288.000493 original_queries/q14_6a349.sql 7.849224090576172
22 1 1732426295.506569 original_queries/q17_7a164.sql 7.5060200691223145
22 2 1732426297.523085 original_queries/q28_13a.sql 2.016427993774414
22 3 1732426306.697665 original_queries/q36_7a136.sql 9.17449402809143
22 4 1732426322.3967779 original_queries/q1_8a463.sql 15.69896388053894
22 5 1732426330.527928 original_queries/q17_7a164.sql 8.130998134613037
22 6 1732426337.662978 original_queries/q4_8a122.sql 7.134728908538818
22 7 1732426354.9822211 original_queries/q1_8a463.sql 17.31915807723999
22 8 1732426357.0927832 original_queries/q28_13a.sql 2.1105148792266846
22 9 1732426357.909906 original_queries/q28_13a.sql 0.817039966583252
23 0 1732426358.142615 original_queries/q20_24b.sql 0.23260498046875
23 1 1732426358.929923 original_queries/q28_13a.sql 0.7872729301452637
23 2 1732426377.479857 original_queries/q26_2a274.sql 18.5498468875885
23 3 1732426385.5257459 original_queries/q4_8a122.sql 8.045814037322998
23 4 1732426394.117127 original_queries/q17_7a164.sql 8.591263055801392
23 5 1732426404.0054169 original_queries/q36_7a136.sql 9.888207197189331
23 6 1732426421.495105 original_queries/q1_8a463.sql 17.48948097229004
23 7 1732426421.880109 original_queries/q20_24b.sql 0.3847849369049072
23 8 1732426433.143021 original_queries/q36_7a136.sql 11.262868165969849
23 9 1732426451.594323 original_queries/q1_8a463.sql 18.45119595527649
24 0 1732426471.207925 original_queries/q1_8a463.sql 19.61350703239441
24 1 1732426483.4615948 original_queries/q36_7a136.sql 12.253604888916016
24 2 1732426494.317376 original_queries/q14_6a349.sql 10.855690956115723
24 3 1732426511.3145962 original_queries/q26_2a274.sql 16.996952056884766
24 4 1732426517.1949341 original_queries/q4_8a122.sql 5.880216121673584
24 5 1732426523.979384 original_queries/q4_8a122.sql 6.784294843673706
24 6 1732426533.538516 original_queries/q14_6a349.sql 9.558928966522217
24 7 1732426545.1821709 original_queries/q17_7a164.sql 11.643470048904419
24 8 1732426565.754303 original_queries/q1_8a463.sql 20.571897745132446
24 9 1732426576.408602 original_queries/q4_8a122.sql 10.653984069824219
25 0 1732426588.693271 original_queries/q3_7a99.sql 12.284353017807007
25 1 1732426601.849687 original_queries/q3_7a99.sql 13.156021118164062
25 2 1732426602.1582 original_queries/q20_24b.sql 0.3084418773651123
25 3 1732426614.865068 original_queries/q17_7a164.sql 12.706609964370728
25 4 1732426629.413923 original_queries/q3_7a99.sql 14.548052072525024
25 5 1732426642.4974809 original_queries/q36_7a136.sql 13.08289885520935
25 6 1732426643.980031 original_queries/q28_13a.sql 1.4824790954589844
25 7 1732426655.4587772 original_queries/q4_8a122.sql 11.478417158126831
25 8 1732426657.837355 original_queries/q28_13a.sql 2.378126859664917
25 9 1732426668.442875 original_queries/q14_6a349.sql 10.605454206466675
26 0 1732426678.3188329 original_queries/q3_7a99.sql 9.875906705856323
26 1 1732426699.6950521 original_queries/q1_8a463.sql 21.375929832458496
26 2 1732426703.258432 original_queries/q28_13a.sql 3.5630741119384766
26 3 1732426714.8777568 original_queries/q4_8a122.sql 11.619157075881958
26 4 1732426728.341575 original_queries/q17_7a164.sql 13.463374137878418
26 5 1732426739.8361769 original_queries/q17_7a164.sql 11.49413013458252
26 6 1732426752.047727 original_queries/q14_6a349.sql 12.211460828781128
26 7 1732426769.7173069 original_queries/q26_2a274.sql 17.66945195198059
26 8 1732426785.189706 original_queries/q1_8a463.sql 15.472288131713867
26 9 1732426788.4283462 original_queries/q28_13a.sql 3.2385458946228027
27 0 1732426798.307359 original_queries/q36_7a136.sql 9.878851175308228
27 1 1732426805.914206 original_queries/q17_7a164.sql 7.606727123260498
27 2 1732426807.2418509 original_queries/q28_13a.sql 1.327558994293213
27 3 1732426824.3589609 original_queries/q1_8a463.sql 17.117048025131226
27 4 1732426845.150711 original_queries/q26_2a274.sql 20.7916841506958
27 5 1732426853.54366 original_queries/q4_8a122.sql 8.39285397529602
27 6 1732426855.4884841 original_queries/q3_7a99.sql 1.9447388648986816
27 7 1732426864.4631748 original_queries/q14_6a349.sql 8.97461724281311
27 8 1732426864.721695 original_queries/q20_24b.sql 0.25844311714172363
27 9 1732426882.166713 original_queries/q1_8a463.sql 17.444812059402466
28 0 1732426893.7961578 original_queries/q14_6a349.sql 11.629138946533203
28 1 1732426904.052254 original_queries/q36_7a136.sql 10.256033897399902
28 2 1732426905.3920069 original_queries/q28_13a.sql 1.3396661281585693
28 3 1732426924.3729339 original_queries/q1_8a463.sql 18.980862855911255
28 4 1732426936.179866 original_queries/q36_7a136.sql 11.806871891021729
28 5 1732426963.638936 original_queries/q26_2a274.sql 27.458939790725708
28 6 1732426963.9764411 original_queries/q20_24b.sql 0.3373868465423584
28 7 1732426973.139678 original_queries/q14_6a349.sql 9.163190126419067
28 8 1732426981.256186 original_queries/q14_6a349.sql 8.116447925567627
28 9 1732426990.0234702 original_queries/q3_7a99.sql 8.767218112945557
29 0 1732427000.397592 original_queries/q4_8a122.sql 10.373998165130615
29 1 1732427025.042449 original_queries/q26_2a274.sql 24.64475703239441
29 2 1732427027.2049222 original_queries/q3_7a99.sql 2.162385940551758
29 3 1732427028.605563 original_queries/q28_13a.sql 1.4005701541900635
29 4 1732427037.5681138 original_queries/q17_7a164.sql 8.962464094161987
29 5 1732427046.130052 original_queries/q17_7a164.sql 8.561867713928223
29 6 1732427064.610594 original_queries/q1_8a463.sql 18.480309009552002
29 7 1732427074.293891 original_queries/q4_8a122.sql 9.683046102523804
29 8 1732427084.300579 original_queries/q3_7a99.sql 10.006603002548218
29 9 1732427093.369697 original_queries/q3_7a99.sql 9.069034099578857
30 0 1732427103.887125 original_queries/q4_8a122.sql 10.5173180103302
30 1 1732427113.7847118 original_queries/q17_7a164.sql 9.89750075340271
30 2 1732427131.962657 original_queries/q1_8a463.sql 18.17784595489502
30 3 1732427142.9031382 original_queries/q14_6a349.sql 10.940406084060669
30 4 1732427152.070793 original_queries/q3_7a99.sql 9.167588949203491
30 5 1732427161.088278 original_queries/q3_7a99.sql 9.017323017120361
30 6 1732427161.369984 original_queries/q20_24b.sql 0.28161096572875977
30 7 1732427163.045931 original_queries/q28_13a.sql 1.6758899688720703
30 8 1732427170.851456 original_queries/q17_7a164.sql 7.805436134338379
30 9 1732427178.239295 original_queries/q4_8a122.sql 7.387758016586304
31 0 1732427187.477206 original_queries/q3_7a99.sql 9.237802982330322
31 1 1732427198.980753 original_queries/q4_8a122.sql 11.503456115722656
31 2 1732427201.142864 original_queries/q3_7a99.sql 2.162018060684204
31 3 1732427211.6806378 original_queries/q3_7a99.sql 10.537707090377808
31 4 1732427219.8482041 original_queries/q14_6a349.sql 8.167485237121582
31 5 1732427229.581158 original_queries/q36_7a136.sql 9.732872247695923
31 6 1732427247.98161 original_queries/q1_8a463.sql 18.400249004364014
31 7 1732427257.6313138 original_queries/q4_8a122.sql 9.649467706680298
31 8 1732427267.202456 original_queries/q3_7a99.sql 9.571054935455322
31 9 1732427276.530329 original_queries/q3_7a99.sql 9.327497959136963
32 0 1732427285.632469 original_queries/q3_7a99.sql 9.102013111114502
32 1 1732427303.179958 original_queries/q1_8a463.sql 17.547418117523193
32 2 1732427314.9004219 original_queries/q3_7a99.sql 11.720387935638428
32 3 1732427325.468736 original_queries/q14_6a349.sql 10.568235158920288
32 4 1732427327.887459 original_queries/q3_7a99.sql 2.418642044067383
32 5 1732427337.203302 original_queries/q3_7a99.sql 9.315585136413574
32 6 1732427355.02854 original_queries/q1_8a463.sql 17.82493805885315
32 7 1732427366.461793 original_queries/q3_7a99.sql 11.433207988739014
32 8 1732427392.0372539 original_queries/q26_2a274.sql 25.57534098625183
32 9 1732427409.46546 original_queries/q1_8a463.sql 17.42802405357361
33 0 1732427412.534378 original_queries/q3_7a99.sql 3.068781852722168
33 1 1732427431.0192692 original_queries/q1_8a463.sql 18.484833002090454
33 2 1732427441.374914 original_queries/q14_6a349.sql 10.35560393333435
33 3 1732427451.26263 original_queries/q17_7a164.sql 9.887619256973267
33 4 1732427468.210996 original_queries/q1_8a463.sql 16.94830322265625
33 5 1732427478.945948 original_queries/q3_7a99.sql 10.734907865524292
33 6 1732427489.330325 original_queries/q4_8a122.sql 10.384292125701904
33 7 1732427506.7134662 original_queries/q1_8a463.sql 17.382925987243652
33 8 1732427508.467935 original_queries/q28_13a.sql 1.754167079925537
33 9 1732427508.703855 original_queries/q20_24b.sql 0.23580694198608398
34 0 1732427517.419744 original_queries/q4_8a122.sql 8.715834856033325
34 1 1732427543.593942 original_queries/q26_2a274.sql 26.174124002456665
34 2 1732427551.3409338 original_queries/q4_8a122.sql 7.746833086013794
34 3 1732427559.740924 original_queries/q17_7a164.sql 8.399821043014526
34 4 1732427566.3567889 original_queries/q4_8a122.sql 6.615777015686035
34 5 1732427574.3002958 original_queries/q17_7a164.sql 7.943420171737671
34 6 1732427580.566692 original_queries/q4_8a122.sql 6.266307830810547
34 7 1732427596.679329 original_queries/q1_8a463.sql 16.11254906654358
34 8 1732427607.888983 original_queries/q14_6a349.sql 11.20961618423462
34 9 1732427608.3986151 original_queries/q20_24b.sql 0.5095648765563965
35 0 1732427618.188977 original_queries/q36_7a136.sql 9.790319204330444
35 1 1732427636.128067 original_queries/q1_8a463.sql 17.93885612487793
35 2 1732427637.854912 original_queries/q28_13a.sql 1.7266240119934082
35 3 1732427654.435741 original_queries/q26_2a274.sql 16.58073115348816
35 4 1732427654.7598379 original_queries/q20_24b.sql 0.3240077495574951
35 5 1732427656.310567 original_queries/q28_13a.sql 1.550680160522461
35 6 1732427674.14854 original_queries/q1_8a463.sql 17.83789372444153
35 7 1732427685.648672 original_queries/q36_7a136.sql 11.500074863433838
35 8 1732427695.807035 original_queries/q14_6a349.sql 10.158268928527832
35 9 1732427702.607859 original_queries/q4_8a122.sql 6.800735950469971
36 0 1732427724.423033 original_queries/q26_2a274.sql 21.815045833587646
36 1 1732427734.720757 original_queries/q36_7a136.sql 10.297640085220337
36 2 1732427744.262837 original_queries/q36_7a136.sql 9.541955709457397
36 3 1732427753.632737 original_queries/q36_7a136.sql 9.369754791259766
36 4 1732427753.881856 original_queries/q20_24b.sql 0.2490370273590088
36 5 1732427762.1145759 original_queries/q14_6a349.sql 8.232686042785645
36 6 1732427763.26653 original_queries/q28_13a.sql 1.1519010066986084
36 7 1732427781.080398 original_queries/q1_8a463.sql 17.813802003860474
36 8 1732427800.030168 original_queries/q1_8a463.sql 18.949707984924316
36 9 1732427803.327372 original_queries/q3_7a99.sql 3.297118902206421
37 0 1732427814.47045 original_queries/q36_7a136.sql 11.142981052398682
37 1 1732427833.189662 original_queries/q1_8a463.sql 18.71913719177246
37 2 1732427852.28041 original_queries/q1_8a463.sql 19.0907039642334
37 3 1732427852.580201 original_queries/q20_24b.sql 0.2997450828552246
37 4 1732427852.745847 original_queries/q20_24b.sql 0.16562199592590332
37 5 1732427873.550773 original_queries/q1_8a463.sql 20.80476212501526
37 6 1732427886.829996 original_queries/q17_7a164.sql 13.278968811035156
37 7 1732427887.119957 original_queries/q20_24b.sql 0.2898991107940674
37 8 1732427898.93783 original_queries/q4_8a122.sql 11.817662000656128
37 9 1732427911.313501 original_queries/q36_7a136.sql 12.375318050384521
38 0 1732427920.936003 original_queries/q4_8a122.sql 9.622411012649536
38 1 1732427921.78674 original_queries/q28_13a.sql 0.8506178855895996
38 2 1732427941.689368 original_queries/q1_8a463.sql 19.902542114257812
38 3 1732427967.989436 original_queries/q26_2a274.sql 26.299975872039795
38 4 1732427978.020352 original_queries/q14_6a349.sql 10.030825138092041
38 5 1732427996.201992 original_queries/q1_8a463.sql 18.181567907333374
38 6 1732427996.533983 original_queries/q20_24b.sql 0.33194780349731445
38 7 1732427998.249778 original_queries/q28_13a.sql 1.7157280445098877
38 8 1732427999.094399 original_queries/q28_13a.sql 0.8445339202880859
38 9 1732428030.8910341 original_queries/q26_2a274.sql 31.796537160873413
39 0 1732428031.234997 original_queries/q20_24b.sql 0.3436400890350342
39 1 1732428041.795326 original_queries/q17_7a164.sql 10.56025218963623
39 2 1732428064.8592992 original_queries/q26_2a274.sql 23.063883781433105
39 3 1732428072.7398322 original_queries/q4_8a122.sql 7.880439043045044
39 4 1732428074.832546 original_queries/q3_7a99.sql 2.0926289558410645
39 5 1732428083.877594 original_queries/q17_7a164.sql 9.044947862625122
39 6 1732428093.441399 original_queries/q14_6a349.sql 9.563721895217896
39 7 1732428110.547441 original_queries/q26_2a274.sql 17.105937242507935
39 8 1732428113.834033 original_queries/q28_13a.sql 3.2862839698791504
39 9 1732428114.0838668 original_queries/q20_24b.sql 0.24976396560668945
40 0 1732428121.3895848 original_queries/q3_7a99.sql 7.305649995803833
40 1 1732428130.836179 original_queries/q36_7a136.sql 9.446517944335938
40 2 1732428140.715931 original_queries/q36_7a136.sql 9.879677057266235
40 3 1732428158.4663758 original_queries/q1_8a463.sql 17.75032687187195
40 4 1732428169.369687 original_queries/q17_7a164.sql 10.903214931488037
40 5 1732428178.9884071 original_queries/q14_6a349.sql 9.618634939193726
40 6 1732428196.758946 original_queries/q1_8a463.sql 17.770460844039917
40 7 1732428216.6837811 original_queries/q26_2a274.sql 19.924664974212646
40 8 1732428219.1276789 original_queries/q3_7a99.sql 2.4437849521636963
40 9 1732428229.229237 original_queries/q14_6a349.sql 10.101392269134521
41 0 1732428229.4757278 original_queries/q20_24b.sql 0.24640512466430664
41 1 1732428231.102273 original_queries/q28_13a.sql 1.6265068054199219
41 2 1732428239.94742 original_queries/q17_7a164.sql 8.845026016235352
41 3 1732428249.882112 original_queries/q36_7a136.sql 9.934603929519653
41 4 1732428275.776709 original_queries/q26_2a274.sql 25.89445471763611
41 5 1732428294.228653 original_queries/q1_8a463.sql 18.45182967185974
41 6 1732428296.565959 original_queries/q28_13a.sql 2.3372559547424316
41 7 1732428307.760917 original_queries/q14_6a349.sql 11.194859027862549
41 8 1732428319.420966 original_queries/q36_7a136.sql 11.659916877746582
41 9 1732428330.797733 original_queries/q36_7a136.sql 11.376354217529297
42 0 1732428339.8210182 original_queries/q14_6a349.sql 9.023177862167358
42 1 1732428340.123539 original_queries/q20_24b.sql 0.3024430274963379
42 2 1732428348.752627 original_queries/q17_7a164.sql 8.629029035568237
42 3 1732428356.698573 original_queries/q4_8a122.sql 7.945849180221558
42 4 1732428386.075398 original_queries/q26_2a274.sql 29.37654995918274
42 5 1732428395.934561 original_queries/q14_6a349.sql 9.858759880065918
42 6 1732428413.4029 original_queries/q1_8a463.sql 17.468257904052734
42 7 1732428426.013566 original_queries/q3_7a99.sql 12.61058497428894
42 8 1732428454.7187421 original_queries/q26_2a274.sql 28.705076932907104
42 9 1732428457.24431 original_queries/q3_7a99.sql 2.5254902839660645
43 0 1732428468.0276558 original_queries/q36_7a136.sql 10.78321385383606
43 1 1732428475.6618528 original_queries/q4_8a122.sql 7.634121894836426
43 2 1732428476.487815 original_queries/q28_13a.sql 0.8258779048919678
43 3 1732428483.050443 original_queries/q4_8a122.sql 6.562554121017456
43 4 1732428491.332868 original_queries/q4_8a122.sql 8.28233027458191
43 5 1732428492.142687 original_queries/q28_13a.sql 0.8097259998321533
43 6 1732428501.312474 original_queries/q36_7a136.sql 9.16971755027771
43 7 1732428525.0201159 original_queries/q26_2a274.sql 23.7075457572937
43 8 1732428527.106119 original_queries/q3_7a99.sql 2.0858190059661865
43 9 1732428545.164709 original_queries/q26_2a274.sql 18.058520078659058
44 0 1732428552.8612978 original_queries/q4_8a122.sql 7.6965131759643555
44 1 1732428562.451178 original_queries/q36_7a136.sql 9.58980917930603
44 2 1732428584.555799 original_queries/q26_2a274.sql 22.104499340057373
44 3 1732428601.838258 original_queries/q1_8a463.sql 17.282339096069336
44 4 1732428621.3090189 original_queries/q1_8a463.sql 19.47059202194214
44 5 1732428622.842047 original_queries/q28_13a.sql 1.5327720642089844
44 6 1732428634.288905 original_queries/q36_7a136.sql 11.44676923751831
44 7 1732428664.609951 original_queries/q26_2a274.sql 30.320929765701294
44 8 1732428666.575926 original_queries/q28_13a.sql 1.9658839702606201
44 9 1732428684.90885 original_queries/q1_8a463.sql 18.332640886306763
45 0 1732428696.738579 original_queries/q14_6a349.sql 11.829485893249512
45 1 1732428715.363564 original_queries/q1_8a463.sql 18.624914169311523
45 2 1732428735.142833 original_queries/q1_8a463.sql 19.7792067527771
45 3 1732428754.270089 original_queries/q1_8a463.sql 19.127183198928833
45 4 1732428775.058601 original_queries/q26_2a274.sql 20.788450002670288
45 5 1732428784.723093 original_queries/q17_7a164.sql 9.66435980796814
45 6 1732428801.795585 original_queries/q1_8a463.sql 17.072389125823975
45 7 1732428813.396065 original_queries/q36_7a136.sql 11.600332736968994
45 8 1732428823.263113 original_queries/q36_7a136.sql 9.86696720123291
45 9 1732428831.949662 original_queries/q14_6a349.sql 8.686464071273804
46 0 1732428832.219294 original_queries/q20_24b.sql 0.2694990634918213
46 1 1732428856.5566442 original_queries/q26_2a274.sql 24.337301015853882
46 2 1732428856.867807 original_queries/q20_24b.sql 0.3110957145690918
46 3 1732428865.955584 original_queries/q17_7a164.sql 9.087722063064575
46 4 1732428866.204997 original_queries/q20_24b.sql 0.24932408332824707
46 5 1732428873.392152 original_queries/q4_8a122.sql 7.187105178833008
46 6 1732428874.2283342 original_queries/q28_13a.sql 0.8360939025878906
46 7 1732428884.473838 original_queries/q36_7a136.sql 10.245429992675781
46 8 1732428893.9122949 original_queries/q3_7a99.sql 9.438376903533936
46 9 1732428903.610836 original_queries/q36_7a136.sql 9.69845199584961
47 0 1732428903.873264 original_queries/q20_24b.sql 0.2622530460357666
47 1 1732428913.0520902 original_queries/q14_6a349.sql 9.178790092468262
47 2 1732428913.333235 original_queries/q20_24b.sql 0.2810800075531006
47 3 1732428923.2610402 original_queries/q36_7a136.sql 9.927613973617554
47 4 1732428932.458623 original_queries/q3_7a99.sql 9.197297096252441
47 5 1732428942.6559622 original_queries/q4_8a122.sql 10.197265863418579
47 6 1732428942.886973 original_queries/q20_24b.sql 0.23089098930358887
47 7 1732428952.9953358 original_queries/q36_7a136.sql 10.108328104019165
47 8 1732428977.377522 original_queries/q26_2a274.sql 24.38207221031189
47 9 1732428978.85167 original_queries/q28_13a.sql 1.4740660190582275
48 0 1732428987.263926 original_queries/q17_7a164.sql 8.412146091461182
48 1 1732428995.471436 original_queries/q17_7a164.sql 8.207420110702515
48 2 1732428995.741787 original_queries/q20_24b.sql 0.27027320861816406
48 3 1732429004.006758 original_queries/q14_6a349.sql 8.264927864074707
48 4 1732429004.2581089 original_queries/q20_24b.sql 0.2512822151184082
48 5 1732429014.192271 original_queries/q36_7a136.sql 9.933893203735352
48 6 1732429014.460086 original_queries/q20_24b.sql 0.2674596309661865
48 7 1732429023.91398 original_queries/q17_7a164.sql 9.453850746154785
48 8 1732429048.4325361 original_queries/q26_2a274.sql 24.518453121185303
48 9 1732429057.15822 original_queries/q17_7a164.sql 8.725603103637695
