Read 10 queries.
Using Bao: False
0 0 1732592469.83516 original_queries/q1_8a463.sql 72.03114175796509
0 1 1732592473.020972 original_queries/q28_13a.sql 3.1851868629455566
0 2 1732592491.655404 original_queries/q14_6a349.sql 18.634368896484375
0 3 1732592509.804874 original_queries/q17_7a164.sql 18.14934206008911
0 4 1732592529.444368 original_queries/q36_7a136.sql 19.639325857162476
0 5 1732592532.8758678 original_queries/q28_13a.sql 3.4314329624176025
0 6 1732592623.3239932 original_queries/q1_8a463.sql 90.44805097579956
0 7 1732592627.647035 original_queries/q28_13a.sql 4.3229053020477295
0 8 1732592791.68209 original_queries/q40_2a8120.sql 164.03482389450073
0 9 1732592812.926186 original_queries/q14_6a349.sql 21.243552207946777
1 0 1732592909.7716742 original_queries/q40_2a8120.sql 96.84520602226257
1 1 1732592930.336153 original_queries/q36_7a136.sql 20.564023971557617
1 2 1732592930.5884821 original_queries/q20_24b.sql 0.25199198722839355
1 3 1732592949.424774 original_queries/q17_7a164.sql 18.836201906204224
1 4 1732592960.452656 original_queries/q4_8a122.sql 11.027361154556274
1 5 1732592960.577013 original_queries/q20_24b.sql 0.12382292747497559
1 6 1732592974.319286 original_queries/q14_6a349.sql 13.74219012260437
1 7 1732592985.4238908 original_queries/q14_6a349.sql 11.104509830474854
1 8 1732593065.125736 original_queries/q40_2a8120.sql 79.70150399208069
1 9 1732593084.4393039 original_queries/q36_7a136.sql 19.31303596496582
2 0 1732593242.4873521 original_queries/q40_2a8120.sql 158.04766511917114
2 1 1732593246.710507 original_queries/q3_7a99.sql 4.222053050994873
2 2 1732593254.057846 original_queries/q28_13a.sql 7.3472278118133545
2 3 1732593275.032139 original_queries/q4_8a122.sql 20.974118947982788
2 4 1732593275.236508 original_queries/q20_24b.sql 0.20427513122558594
2 5 1732593278.595744 original_queries/q28_13a.sql 3.3591339588165283
2 6 1732593421.3586361 original_queries/q40_2a8120.sql 142.76259303092957
2 7 1732593442.072736 original_queries/q36_7a136.sql 20.712789058685303
2 8 1732593575.914838 original_queries/q40_2a8120.sql 133.84114694595337
2 9 1732593579.7996101 original_queries/q28_13a.sql 3.8835909366607666
3 0 1732593583.022746 original_queries/q3_7a99.sql 3.222930908203125
3 1 1732593601.0688 original_queries/q14_6a349.sql 18.045944929122925
3 2 1732593679.406742 original_queries/q1_8a463.sql 78.33767676353455
3 3 1732593757.412697 original_queries/q1_8a463.sql 78.00547504425049
3 4 1732593775.2258308 original_queries/q14_6a349.sql 17.81288433074951
3 5 1732593859.976243 original_queries/q1_8a463.sql 84.75013422966003
3 6 1732593876.808566 original_queries/q17_7a164.sql 16.83185887336731
3 7 1732593954.859124 original_queries/q1_8a463.sql 78.0502200126648
3 8 1732593972.82987 original_queries/q36_7a136.sql 17.967971801757812
3 9 1732593973.017453 original_queries/q20_24b.sql 0.1874830722808838
4 0 1732593973.074641 original_queries/q20_24b.sql 0.05703592300415039
4 1 1732594063.813148 original_queries/q1_8a463.sql 90.73836493492126
4 2 1732594180.673218 original_queries/q1_8a463.sql 116.85977911949158
4 3 1732594195.783942 original_queries/q4_8a122.sql 15.110460996627808
4 4 1732594213.948101 original_queries/q36_7a136.sql 18.16405487060547
4 5 1732594230.246194 original_queries/q36_7a136.sql 16.29777979850769
4 6 1732594246.8736498 original_queries/q17_7a164.sql 16.62703013420105
4 7 1732594250.079552 original_queries/q3_7a99.sql 3.2057459354400635
4 8 1732594263.6250591 original_queries/q17_7a164.sql 13.545210123062134
4 9 1732594263.776336 original_queries/q20_24b.sql 0.1508338451385498
5 0 1732594276.6814332 original_queries/q4_8a122.sql 12.904844760894775
5 1 1732594300.724915 original_queries/q36_7a136.sql 24.04332995414734
5 2 1732594305.324474 original_queries/q28_13a.sql 4.599418878555298
5 3 1732594325.1958 original_queries/q36_7a136.sql 19.871268033981323
5 4 1732594523.981861 original_queries/q40_2a8120.sql 198.78584790229797
5 5 1732594527.548429 original_queries/q3_7a99.sql 3.5652339458465576
5 6 1732594611.900042 original_queries/q1_8a463.sql 84.35136294364929
5 7 1732594631.562298 original_queries/q14_6a349.sql 19.661268949508667
5 8 1732594631.779791 original_queries/q20_24b.sql 0.2173759937286377
5 9 1732594708.513762 original_queries/q1_8a463.sql 76.7337589263916
6 0 1732594760.496415 original_queries/q1_8a463.sql 51.982256174087524
6 1 1732594770.2633522 original_queries/q4_8a122.sql 9.766770124435425
6 2 1732594851.2777002 original_queries/q40_2a8120.sql 81.01398706436157
6 3 1732594851.4688902 original_queries/q20_24b.sql 0.19067907333374023
6 4 1732594867.949677 original_queries/q36_7a136.sql 16.480642080307007
6 5 1732594868.129048 original_queries/q20_24b.sql 0.17924094200134277
6 6 1732594879.550679 original_queries/q4_8a122.sql 11.421470165252686
6 7 1732594923.449059 original_queries/q26_2a274.sql 43.89811086654663
6 8 1732594979.1782908 original_queries/q1_8a463.sql 55.728365898132324
6 9 1732595020.534806 original_queries/q1_8a463.sql 41.356395959854126
7 0 1732595023.177811 original_queries/q28_13a.sql 2.6427857875823975
7 1 1732595067.628732 original_queries/q1_8a463.sql 44.45084023475647
7 2 1732595070.109291 original_queries/q28_13a.sql 2.4804561138153076
7 3 1732595137.7276642 original_queries/q40_2a8120.sql 67.61804914474487
7 4 1732595137.9011798 original_queries/q20_24b.sql 0.17319393157958984
7 5 1732595181.298731 original_queries/q1_8a463.sql 43.39743900299072
7 6 1732595188.0206342 original_queries/q4_8a122.sql 6.721697092056274
7 7 1732595190.070755 original_queries/q28_13a.sql 2.049978256225586
7 8 1732595203.0757508 original_queries/q14_6a349.sql 13.004897832870483
7 9 1732595213.523623 original_queries/q14_6a349.sql 10.447773933410645
8 0 1732595222.976758 original_queries/q17_7a164.sql 9.452978134155273
8 1 1732595236.647645 original_queries/q36_7a136.sql 13.67077922821045
8 2 1732595239.39768 original_queries/q3_7a99.sql 2.749875068664551
8 3 1732595279.037921 original_queries/q26_2a274.sql 39.6401572227478
8 4 1732595291.491023 original_queries/q14_6a349.sql 12.452973127365112
8 5 1732595291.622859 original_queries/q20_24b.sql 0.13165998458862305
8 6 1732595302.767475 original_queries/q4_8a122.sql 11.144474744796753
8 7 1732595305.097835 original_queries/q28_13a.sql 2.330203056335449
8 8 1732595312.5301938 original_queries/q4_8a122.sql 7.432262897491455
8 9 1732595390.686668 original_queries/q40_2a8120.sql 78.1563150882721
9 0 1732595403.3724108 original_queries/q14_6a349.sql 12.685571670532227
9 1 1732595405.636859 original_queries/q3_7a99.sql 2.264317274093628
9 2 1732595421.4667242 original_queries/q36_7a136.sql 15.829746007919312
9 3 1732595424.0261471 original_queries/q28_13a.sql 2.559285879135132
9 4 1732595479.0068228 original_queries/q1_8a463.sql 54.98059320449829
9 5 1732595492.0048819 original_queries/q36_7a136.sql 12.997790813446045
9 6 1732595506.050953 original_queries/q17_7a164.sql 14.045570850372314
9 7 1732595549.558697 original_queries/q26_2a274.sql 43.50749731063843
9 8 1732595583.053312 original_queries/q26_2a274.sql 33.49438118934631
9 9 1732595597.405321 original_queries/q4_8a122.sql 14.351829051971436
10 0 1732595671.001444 original_queries/q40_2a8120.sql 73.59571194648743
10 1 1732595717.192404 original_queries/q1_8a463.sql 46.19046998023987
10 2 1732595719.525959 original_queries/q28_13a.sql 2.3334567546844482
10 3 1732595728.9750762 original_queries/q17_7a164.sql 9.449028968811035
10 4 1732595735.139702 original_queries/q4_8a122.sql 6.164481163024902
10 5 1732595787.180522 original_queries/q40_2a8120.sql 52.040531873703
10 6 1732595833.945228 original_queries/q1_8a463.sql 46.76417517662048
10 7 1732595847.198621 original_queries/q36_7a136.sql 13.253265857696533
10 8 1732595858.209098 original_queries/q36_7a136.sql 11.010382890701294
10 9 1732595868.406237 original_queries/q17_7a164.sql 10.197021961212158
11 0 1732595871.254605 original_queries/q3_7a99.sql 2.848144292831421
11 1 1732595873.624249 original_queries/q28_13a.sql 2.3695478439331055
11 2 1732595875.705181 original_queries/q3_7a99.sql 2.0808398723602295
11 3 1732595877.8770509 original_queries/q28_13a.sql 2.171821117401123
11 4 1732595889.0272808 original_queries/q14_6a349.sql 11.15011978149414
11 5 1732595889.134339 original_queries/q20_24b.sql 0.10692596435546875
11 6 1732595898.695074 original_queries/q14_6a349.sql 9.560640096664429
11 7 1732595908.19523 original_queries/q4_8a122.sql 9.500027894973755
11 8 1732595979.2101371 original_queries/q40_2a8120.sql 71.01464200019836
11 9 1732596027.283415 original_queries/q40_2a8120.sql 48.072880268096924
12 0 1732596027.471658 original_queries/q20_24b.sql 0.18811702728271484
12 1 1732596039.9320261 original_queries/q14_6a349.sql 12.460249900817871
12 2 1732596095.734814 original_queries/q40_2a8120.sql 55.802433013916016
12 3 1732596106.6680598 original_queries/q4_8a122.sql 10.93279218673706
12 4 1732596119.314796 original_queries/q14_6a349.sql 12.646620273590088
12 5 1732596163.719136 original_queries/q26_2a274.sql 44.40402293205261
12 6 1732596179.5822861 original_queries/q14_6a349.sql 15.862691879272461
12 7 1732596181.826414 original_queries/q3_7a99.sql 2.243989944458008
12 8 1732596183.073803 original_queries/q3_7a99.sql 1.2472939491271973
12 9 1732596192.609379 original_queries/q17_7a164.sql 9.535490036010742
13 0 1732596232.917432 original_queries/q26_2a274.sql 40.30777597427368
13 1 1732596236.71891 original_queries/q28_13a.sql 3.801118850708008
13 2 1732596298.479111 original_queries/q1_8a463.sql 61.7600371837616
13 3 1732596376.199389 original_queries/q40_2a8120.sql 77.71982884407043
13 4 1732596413.7966678 original_queries/q26_2a274.sql 37.59677600860596
13 5 1732596466.94261 original_queries/q1_8a463.sql 53.14547681808472
13 6 1732596469.365387 original_queries/q28_13a.sql 2.422117233276367
13 7 1732596471.758711 original_queries/q3_7a99.sql 2.3931992053985596
13 8 1732596516.7754729 original_queries/q1_8a463.sql 45.01667499542236
13 9 1732596516.958737 original_queries/q20_24b.sql 0.18315386772155762
14 0 1732596524.4750662 original_queries/q4_8a122.sql 7.51613187789917
14 1 1732596538.798102 original_queries/q36_7a136.sql 14.322812795639038
14 2 1732596583.4544792 original_queries/q26_2a274.sql 44.65614604949951
14 3 1732596585.462595 original_queries/q28_13a.sql 2.0080161094665527
14 4 1732596598.994246 original_queries/q17_7a164.sql 13.531407833099365
14 5 1732596645.198783 original_queries/q1_8a463.sql 46.20419907569885
14 6 1732596645.373554 original_queries/q20_24b.sql 0.17469286918640137
14 7 1732596647.575088 original_queries/q28_13a.sql 2.201401948928833
14 8 1732596687.4745831 original_queries/q1_8a463.sql 39.89940094947815
14 9 1732596763.0423381 original_queries/q1_8a463.sql 75.56753492355347
15 0 1732596780.874912 original_queries/q14_6a349.sql 17.83160901069641
15 1 1732596797.2098382 original_queries/q36_7a136.sql 16.334805011749268
15 2 1732596861.984173 original_queries/q1_8a463.sql 64.77411413192749
15 3 1732596869.7688682 original_queries/q4_8a122.sql 7.784402847290039
15 4 1732596933.092675 original_queries/q40_2a8120.sql 63.323676347732544
15 5 1732596945.2330382 original_queries/q14_6a349.sql 12.140263795852661
15 6 1732596996.11647 original_queries/q1_8a463.sql 50.88314199447632
15 7 1732597009.829396 original_queries/q36_7a136.sql 13.712359189987183
15 8 1732597059.748975 original_queries/q1_8a463.sql 49.91947817802429
15 9 1732597068.335082 original_queries/q17_7a164.sql 8.58597707748413
16 0 1732597074.673147 original_queries/q4_8a122.sql 6.3378050327301025
16 1 1732597077.132564 original_queries/q28_13a.sql 2.4592912197113037
16 2 1732597119.758146 original_queries/q26_2a274.sql 42.62547707557678
16 3 1732597122.0480242 original_queries/q3_7a99.sql 2.289747953414917
16 4 1732597196.9421031 original_queries/q40_2a8120.sql 74.8937759399414
16 5 1732597205.2469141 original_queries/q17_7a164.sql 8.304325819015503
16 6 1732597217.9400709 original_queries/q14_6a349.sql 12.693055152893066
16 7 1732597259.043909 original_queries/q26_2a274.sql 41.1037220954895
16 8 1732597290.1157582 original_queries/q26_2a274.sql 31.071596145629883
16 9 1732597319.855849 original_queries/q26_2a274.sql 29.739694833755493
17 0 1732597322.572198 original_queries/q3_7a99.sql 2.716235876083374
17 1 1732597337.463506 original_queries/q36_7a136.sql 14.891200065612793
17 2 1732597349.6815958 original_queries/q4_8a122.sql 12.21796989440918
17 3 1732597364.954313 original_queries/q14_6a349.sql 15.272615909576416
17 4 1732597408.130284 original_queries/q26_2a274.sql 43.17564392089844
17 5 1732597408.3726919 original_queries/q20_24b.sql 0.24195098876953125
17 6 1732597474.8447082 original_queries/q40_2a8120.sql 66.47190189361572
17 7 1732597521.513613 original_queries/q1_8a463.sql 46.66852903366089
17 8 1732597530.1867049 original_queries/q17_7a164.sql 8.672611951828003
17 9 1732597566.616416 original_queries/q26_2a274.sql 36.42958426475525
18 0 1732597595.68431 original_queries/q26_2a274.sql 29.06774592399597
18 1 1732597644.5048802 original_queries/q1_8a463.sql 48.820361375808716
18 2 1732597682.835959 original_queries/q1_8a463.sql 38.33084011077881
18 3 1732597690.260855 original_queries/q4_8a122.sql 7.424797296524048
18 4 1732597729.7900019 original_queries/q26_2a274.sql 39.52882623672485
18 5 1732597813.7882009 original_queries/q40_2a8120.sql 83.99761414527893
18 6 1732597816.701632 original_queries/q28_13a.sql 2.913087844848633
18 7 1732597830.9777129 original_queries/q14_6a349.sql 14.275952100753784
18 8 1732597842.755261 original_queries/q4_8a122.sql 11.777416944503784
18 9 1732597921.537421 original_queries/q40_2a8120.sql 78.78188633918762
19 0 1732597934.282291 original_queries/q4_8a122.sql 12.744289875030518
19 1 1732597942.954814 original_queries/q4_8a122.sql 8.672423839569092
19 2 1732598016.6229272 original_queries/q40_2a8120.sql 73.66780304908752
19 3 1732598026.83203 original_queries/q17_7a164.sql 10.208616971969604
19 4 1732598066.9029891 original_queries/q26_2a274.sql 40.070794105529785
19 5 1732598122.351845 original_queries/q1_8a463.sql 55.448620080947876
19 6 1732598165.307982 original_queries/q26_2a274.sql 42.955803871154785
19 7 1732598179.6979048 original_queries/q14_6a349.sql 14.389758825302124
19 8 1732598179.897401 original_queries/q20_24b.sql 0.19926691055297852
19 9 1732598192.604993 original_queries/q4_8a122.sql 12.707434892654419
20 0 1732598247.4031801 original_queries/q1_8a463.sql 54.797958850860596
20 1 1732598249.85139 original_queries/q3_7a99.sql 2.447991132736206
20 2 1732598292.336975 original_queries/q26_2a274.sql 42.48531627655029
20 3 1732598324.74804 original_queries/q26_2a274.sql 32.41059494018555
20 4 1732598338.08794 original_queries/q4_8a122.sql 13.339746236801147
20 5 1732598346.83667 original_queries/q4_8a122.sql 8.748646974563599
20 6 1732598348.951801 original_queries/q28_13a.sql 2.1149590015411377
20 7 1732598351.244341 original_queries/q3_7a99.sql 2.2924270629882812
20 8 1732598362.9560351 original_queries/q17_7a164.sql 11.711426973342896
20 9 1732598406.679337 original_queries/q1_8a463.sql 43.722901821136475
21 0 1732598412.540451 original_queries/q4_8a122.sql 5.8609778881073
21 1 1732598414.4951198 original_queries/q28_13a.sql 1.9545848369598389
21 2 1732598416.305504 original_queries/q28_13a.sql 1.8102850914001465
21 3 1732598418.482757 original_queries/q3_7a99.sql 2.1771440505981445
21 4 1732598431.1634529 original_queries/q14_6a349.sql 12.6805739402771
21 5 1732598433.0886452 original_queries/q28_13a.sql 1.9250659942626953
21 6 1732598435.080848 original_queries/q28_13a.sql 1.9921112060546875
21 7 1732598510.219454 original_queries/q40_2a8120.sql 75.1383318901062
21 8 1732598517.722406 original_queries/q17_7a164.sql 7.502566814422607
21 9 1732598527.019555 original_queries/q4_8a122.sql 9.296999216079712
22 0 1732598538.3589592 original_queries/q14_6a349.sql 11.33929181098938
22 1 1732598545.79843 original_queries/q17_7a164.sql 7.439388990402222
22 2 1732598548.8448598 original_queries/q28_13a.sql 3.046299934387207
22 3 1732598562.0605981 original_queries/q36_7a136.sql 13.215610265731812
22 4 1732598614.337297 original_queries/q1_8a463.sql 52.27637195587158
22 5 1732598623.708599 original_queries/q17_7a164.sql 9.370516300201416
22 6 1732598679.8065238 original_queries/q40_2a8120.sql 56.09779477119446
22 7 1732598728.789197 original_queries/q1_8a463.sql 48.98240303993225
22 8 1732598731.507804 original_queries/q28_13a.sql 2.718270778656006
22 9 1732598744.383279 original_queries/q36_7a136.sql 12.875351905822754
23 0 1732598782.304288 original_queries/q26_2a274.sql 37.920868158340454
23 1 1732598784.10802 original_queries/q28_13a.sql 1.8036370277404785
23 2 1732598784.7821782 original_queries/q28_13a.sql 0.6740777492523193
23 3 1732598796.406944 original_queries/q4_8a122.sql 11.624636173248291
23 4 1732598843.4614341 original_queries/q1_8a463.sql 47.054391622543335
23 5 1732598845.86228 original_queries/q3_7a99.sql 2.400627851486206
23 6 1732598889.094524 original_queries/q1_8a463.sql 43.23209500312805
23 7 1732598889.288511 original_queries/q20_24b.sql 0.19389700889587402
23 8 1732598903.597027 original_queries/q36_7a136.sql 14.308372974395752
23 9 1732598958.778829 original_queries/q1_8a463.sql 55.18146276473999
24 0 1732598958.970758 original_queries/q20_24b.sql 0.19144392013549805
24 1 1732598961.715304 original_queries/q3_7a99.sql 2.744417667388916
24 2 1732598974.9214468 original_queries/q14_6a349.sql 13.206008195877075
24 3 1732599015.9430342 original_queries/q26_2a274.sql 41.021472215652466
24 4 1732599027.509393 original_queries/q4_8a122.sql 11.566190004348755
24 5 1732599035.3708239 original_queries/q4_8a122.sql 7.861182928085327
24 6 1732599048.150906 original_queries/q14_6a349.sql 12.779980897903442
24 7 1732599100.715852 original_queries/q1_8a463.sql 52.56480097770691
24 8 1732599140.814801 original_queries/q1_8a463.sql 40.09880876541138
24 9 1732599151.6232839 original_queries/q4_8a122.sql 10.80824589729309
25 0 1732599246.012779 original_queries/q40_2a8120.sql 94.38852190971375
25 1 1732599309.0448298 original_queries/q40_2a8120.sql 63.03145384788513
25 2 1732599309.7085261 original_queries/q20_24b.sql 0.6631758213043213
25 3 1732599326.528246 original_queries/q17_7a164.sql 16.819512844085693
25 4 1732599432.337331 original_queries/q40_2a8120.sql 105.80861377716064
25 5 1732599435.8977652 original_queries/q3_7a99.sql 3.5600218772888184
25 6 1732599456.270288 original_queries/q36_7a136.sql 20.37244701385498
25 7 1732599470.172277 original_queries/q4_8a122.sql 13.901805877685547
25 8 1732599487.0941892 original_queries/q36_7a136.sql 16.921714305877686
25 9 1732599505.957746 original_queries/q14_6a349.sql 18.86333179473877
26 0 1732599615.73298 original_queries/q40_2a8120.sql 109.77477598190308
26 1 1732599686.778186 original_queries/q1_8a463.sql 71.04477167129517
26 2 1732599704.53152 original_queries/q36_7a136.sql 17.753118991851807
26 3 1732599716.9695628 original_queries/q4_8a122.sql 12.437866926193237
26 4 1732599730.924414 original_queries/q17_7a164.sql 13.954800844192505
26 5 1732599738.270045 original_queries/q17_7a164.sql 7.3455328941345215
26 6 1732599744.7710788 original_queries/q17_7a164.sql 6.5009050369262695
26 7 1732599748.229921 original_queries/q28_13a.sql 3.4586520195007324
26 8 1732599818.3472111 original_queries/q1_8a463.sql 70.11615204811096
26 9 1732599837.113804 original_queries/q36_7a136.sql 18.765072107315063
27 0 1732599841.259731 original_queries/q3_7a99.sql 4.145739793777466
27 1 1732599918.964019 original_queries/q1_8a463.sql 77.7040581703186
27 2 1732599935.675031 original_queries/q36_7a136.sql 16.71071982383728
27 3 1732600009.238774 original_queries/q1_8a463.sql 73.56350612640381
27 4 1732600053.377816 original_queries/q26_2a274.sql 44.13832902908325
27 5 1732600068.9666061 original_queries/q4_8a122.sql 15.588296890258789
27 6 1732600170.056125 original_queries/q40_2a8120.sql 101.0885419845581
27 7 1732600184.5030558 original_queries/q14_6a349.sql 14.446436882019043
27 8 1732600230.2807229 original_queries/q26_2a274.sql 45.77747321128845
27 9 1732600308.84257 original_queries/q1_8a463.sql 78.56145524978638
28 0 1732600326.009258 original_queries/q14_6a349.sql 17.166191816329956
28 1 1732600328.914416 original_queries/q3_7a99.sql 2.9050309658050537
28 2 1732600347.30511 original_queries/q36_7a136.sql 18.3905611038208
28 3 1732600418.064646 original_queries/q1_8a463.sql 70.75936079025269
28 4 1732600421.449634 original_queries/q3_7a99.sql 3.384861946105957
28 5 1732600424.20805 original_queries/q28_13a.sql 2.758357048034668
28 6 1732600475.735162 original_queries/q26_2a274.sql 51.52700591087341
28 7 1732600491.516364 original_queries/q14_6a349.sql 15.78091311454773
28 8 1732600503.807193 original_queries/q14_6a349.sql 12.290380954742432
28 9 1732600602.8644 original_queries/q40_2a8120.sql 99.0568859577179
29 0 1732600616.0275662 original_queries/q4_8a122.sql 13.16259503364563
29 1 1732600619.1303198 original_queries/q28_13a.sql 3.1026036739349365
29 2 1732600719.54452 original_queries/q40_2a8120.sql 100.41397309303284
29 3 1732600722.889431 original_queries/q28_13a.sql 3.344654083251953
29 4 1732600735.971413 original_queries/q17_7a164.sql 13.081892013549805
29 5 1732600743.586839 original_queries/q17_7a164.sql 7.6153600215911865
29 6 1732600743.7240572 original_queries/q20_24b.sql 0.13709378242492676
29 7 1732600842.903817 original_queries/q40_2a8120.sql 99.17947793006897
29 8 1732600846.4591439 original_queries/q3_7a99.sql 3.554067850112915
29 9 1732600952.949044 original_queries/q40_2a8120.sql 106.48960709571838
30 0 1732601055.091718 original_queries/q40_2a8120.sql 102.14208006858826
30 1 1732601123.9746041 original_queries/q1_8a463.sql 68.8813407421112
30 2 1732601187.175963 original_queries/q1_8a463.sql 63.20115804672241
30 3 1732601202.023969 original_queries/q17_7a164.sql 14.847790956497192
30 4 1732601205.244261 original_queries/q3_7a99.sql 3.220194101333618
30 5 1732601312.471873 original_queries/q40_2a8120.sql 107.22738599777222
30 6 1732601359.986329 original_queries/q26_2a274.sql 47.51408791542053
30 7 1732601380.814048 original_queries/q36_7a136.sql 20.82759189605713
30 8 1732601399.832968 original_queries/q17_7a164.sql 19.018768787384033
30 9 1732601412.09427 original_queries/q4_8a122.sql 12.261085748672485
31 0 1732601511.0839949 original_queries/q40_2a8120.sql 98.9893889427185
31 1 1732601525.0194619 original_queries/q4_8a122.sql 13.93489384651184
31 2 1732601622.984444 original_queries/q40_2a8120.sql 97.96468997001648
31 3 1732601743.107702 original_queries/q40_2a8120.sql 120.12266707420349
31 4 1732601760.101569 original_queries/q14_6a349.sql 16.993438243865967
31 5 1732601762.877789 original_queries/q3_7a99.sql 2.7760910987854004
31 6 1732601763.009541 original_queries/q20_24b.sql 0.13165283203125
31 7 1732601777.5729349 original_queries/q4_8a122.sql 14.563256025314331
31 8 1732601889.9700649 original_queries/q40_2a8120.sql 112.39672803878784
31 9 1732601970.808907 original_queries/q40_2a8120.sql 80.83646583557129
32 0 1732602073.242927 original_queries/q40_2a8120.sql 102.43360209465027
32 1 1732602147.713676 original_queries/q1_8a463.sql 74.47018098831177
32 2 1732602150.999326 original_queries/q3_7a99.sql 3.2853879928588867
32 3 1732602165.903619 original_queries/q17_7a164.sql 14.90420913696289
32 4 1732602254.962642 original_queries/q40_2a8120.sql 89.05872511863708
32 5 1732602370.255417 original_queries/q40_2a8120.sql 115.29220914840698
32 6 1732602438.882145 original_queries/q1_8a463.sql 68.62635803222656
32 7 1732602535.844887 original_queries/q40_2a8120.sql 96.9625039100647
32 8 1732602579.265116 original_queries/q26_2a274.sql 43.420077085494995
32 9 1732602579.496483 original_queries/q20_24b.sql 0.23124098777770996
33 0 1732602582.537919 original_queries/q3_7a99.sql 3.041306257247925
33 1 1732602653.042871 original_queries/q1_8a463.sql 70.5047538280487
33 2 1732602668.860967 original_queries/q14_6a349.sql 15.817677736282349
33 3 1732602680.2861729 original_queries/q17_7a164.sql 11.425100088119507
33 4 1732602680.401845 original_queries/q20_24b.sql 0.11555790901184082
33 5 1732602735.0496042 original_queries/q40_2a8120.sql 54.647557973861694
33 6 1732602745.778063 original_queries/q4_8a122.sql 10.728151798248291
33 7 1732602792.2644942 original_queries/q1_8a463.sql 46.48614811897278
33 8 1732602805.68835 original_queries/q36_7a136.sql 13.423340082168579
33 9 1732602805.8158138 original_queries/q20_24b.sql 0.1273670196533203
34 0 1732602817.235934 original_queries/q4_8a122.sql 11.419949054718018
34 1 1732602819.419116 original_queries/q28_13a.sql 2.1830360889434814
34 2 1732602827.371973 original_queries/q4_8a122.sql 7.952753067016602
34 3 1732602839.424787 original_queries/q17_7a164.sql 12.052551984786987
34 4 1732602845.249148 original_queries/q4_8a122.sql 5.82406210899353
34 5 1732602853.414142 original_queries/q17_7a164.sql 8.164902210235596
34 6 1732602859.0113611 original_queries/q4_8a122.sql 5.597075939178467
34 7 1732602919.2598379 original_queries/q1_8a463.sql 60.24816298484802
34 8 1732602931.037228 original_queries/q17_7a164.sql 11.77694320678711
34 9 1732602980.140285 original_queries/q26_2a274.sql 49.10288691520691
35 0 1732602983.746239 original_queries/q3_7a99.sql 3.6058008670806885
35 1 1732602983.8912 original_queries/q20_24b.sql 0.14488005638122559
35 2 1732603004.570674 original_queries/q36_7a136.sql 20.679189920425415
35 3 1732603007.4908018 original_queries/q28_13a.sql 2.9196460247039795
35 4 1732603007.637882 original_queries/q20_24b.sql 0.1469590663909912
35 5 1732603010.231956 original_queries/q28_13a.sql 2.593975067138672
35 6 1732603095.298608 original_queries/q1_8a463.sql 85.06639003753662
35 7 1732603098.888552 original_queries/q3_7a99.sql 3.589473009109497
35 8 1732603120.973554 original_queries/q14_6a349.sql 22.084714889526367
35 9 1732603137.571811 original_queries/q4_8a122.sql 16.597663164138794
36 0 1732603140.9070778 original_queries/q28_13a.sql 3.335181713104248
36 1 1732603143.4974442 original_queries/q3_7a99.sql 2.590229034423828
36 2 1732603144.772636 original_queries/q3_7a99.sql 1.2751359939575195
36 3 1732603162.422938 original_queries/q36_7a136.sql 17.650205850601196
36 4 1732603162.582651 original_queries/q20_24b.sql 0.15956401824951172
36 5 1732603182.000448 original_queries/q14_6a349.sql 19.417693376541138
36 6 1732603202.4954891 original_queries/q36_7a136.sql 20.49477195739746
36 7 1732603202.724246 original_queries/q20_24b.sql 0.22829508781433105
36 8 1732603202.785137 original_queries/q20_24b.sql 0.06085205078125
36 9 1732603334.561598 original_queries/q40_2a8120.sql 131.7761151790619
37 0 1732603337.998133 original_queries/q3_7a99.sql 3.4360311031341553
37 1 1732603338.1297338 original_queries/q20_24b.sql 0.13152623176574707
37 2 1732603338.184374 original_queries/q20_24b.sql 0.05456399917602539
37 3 1732603387.786329 original_queries/q26_2a274.sql 49.60170292854309
37 4 1732603448.3055701 original_queries/q26_2a274.sql 60.5187029838562
37 5 1732603628.733252 original_queries/q1_8a463.sql 180.42702388763428
37 6 1732603643.8147352 original_queries/q17_7a164.sql 15.081034898757935
37 7 1732603685.276693 original_queries/q26_2a274.sql 41.461830139160156
37 8 1732603694.903291 original_queries/q4_8a122.sql 9.626443147659302
37 9 1732603708.2688808 original_queries/q36_7a136.sql 13.365223169326782
38 0 1732603715.821512 original_queries/q4_8a122.sql 7.552112102508545
38 1 1732603727.1905332 original_queries/q36_7a136.sql 11.368936777114868
38 2 1732603727.315944 original_queries/q20_24b.sql 0.1252880096435547
38 3 1732603729.523123 original_queries/q28_13a.sql 2.2069830894470215
38 4 1732603742.871197 original_queries/q14_6a349.sql 13.347917079925537
38 5 1732603816.968213 original_queries/q1_8a463.sql 74.09674096107483
38 6 1732603866.243406 original_queries/q26_2a274.sql 49.27474284172058
38 7 1732603868.799211 original_queries/q28_13a.sql 2.5556910037994385
38 8 1732603883.540624 original_queries/q36_7a136.sql 14.741124153137207
38 9 1732603918.962677 original_queries/q26_2a274.sql 35.421661138534546
39 0 1732603961.5936818 original_queries/q26_2a274.sql 42.63075304031372
39 1 1732604037.910002 original_queries/q1_8a463.sql 76.31575202941895
39 2 1732604087.544707 original_queries/q26_2a274.sql 49.63429522514343
39 3 1732604102.2343218 original_queries/q4_8a122.sql 14.689430952072144
39 4 1732604104.842269 original_queries/q3_7a99.sql 2.6077399253845215
39 5 1732604116.8187141 original_queries/q17_7a164.sql 11.976372957229614
39 6 1732604128.20354 original_queries/q14_6a349.sql 11.384714126586914
39 7 1732604131.018474 original_queries/q28_13a.sql 2.814784049987793
39 8 1732604145.435524 original_queries/q36_7a136.sql 14.416932821273804
39 9 1732604145.551564 original_queries/q20_24b.sql 0.11599111557006836
40 0 1732604245.6849248 original_queries/q40_2a8120.sql 100.13312411308289
40 1 1732604248.896214 original_queries/q3_7a99.sql 3.2108306884765625
40 2 1732604266.329536 original_queries/q36_7a136.sql 17.433234214782715
40 3 1732604317.329723 original_queries/q1_8a463.sql 51.000099182128906
40 4 1732604326.514884 original_queries/q17_7a164.sql 9.185081958770752
40 5 1732604338.451087 original_queries/q14_6a349.sql 11.935427188873291
40 6 1732604387.3291252 original_queries/q1_8a463.sql 48.875563859939575
40 7 1732604426.879767 original_queries/q26_2a274.sql 39.550307750701904
40 8 1732604484.104299 original_queries/q40_2a8120.sql 57.22410821914673
40 9 1732604496.204881 original_queries/q14_6a349.sql 12.100479125976562
41 0 1732604535.534827 original_queries/q26_2a274.sql 39.32956910133362
41 1 1732604550.1208682 original_queries/q36_7a136.sql 14.585507869720459
41 2 1732604561.565088 original_queries/q17_7a164.sql 11.444126844406128
41 3 1732604572.988296 original_queries/q36_7a136.sql 11.423118829727173
41 4 1732604607.84706 original_queries/q26_2a274.sql 34.85867619514465
41 5 1732604656.641572 original_queries/q1_8a463.sql 48.794209241867065
41 6 1732604669.844007 original_queries/q36_7a136.sql 13.201903820037842
41 7 1732604683.0982132 original_queries/q14_6a349.sql 13.254082679748535
41 8 1732604684.9804318 original_queries/q3_7a99.sql 1.8820898532867432
41 9 1732604686.221693 original_queries/q3_7a99.sql 1.241184949874878
42 0 1732604695.4171462 original_queries/q17_7a164.sql 9.195313930511475
42 1 1732604732.807431 original_queries/q26_2a274.sql 37.389971017837524
42 2 1732604742.0311491 original_queries/q17_7a164.sql 9.223236799240112
42 3 1732604751.677939 original_queries/q4_8a122.sql 9.646675109863281
42 4 1732604754.034807 original_queries/q28_13a.sql 2.3567428588867188
42 5 1732604765.7527392 original_queries/q14_6a349.sql 11.71784782409668
42 6 1732604812.7970188 original_queries/q1_8a463.sql 47.04398322105408
42 7 1732604872.033325 original_queries/q40_2a8120.sql 59.23583698272705
42 8 1732604902.288042 original_queries/q26_2a274.sql 30.25460195541382
42 9 1732604954.958787 original_queries/q40_2a8120.sql 52.670437812805176
43 0 1732604970.287683 original_queries/q36_7a136.sql 15.32833194732666
43 1 1732604979.818346 original_queries/q4_8a122.sql 9.530508995056152
43 2 1732604981.6007 original_queries/q28_13a.sql 1.7822132110595703
43 3 1732604988.477712 original_queries/q4_8a122.sql 6.8769378662109375
43 4 1732605045.618954 original_queries/q40_2a8120.sql 57.141146183013916
43 5 1732605059.524102 original_queries/q36_7a136.sql 13.90504503250122
43 6 1732605061.875093 original_queries/q3_7a99.sql 2.350816011428833
43 7 1732605063.663979 original_queries/q28_13a.sql 1.788801908493042
43 8 1732605125.072342 original_queries/q40_2a8120.sql 61.40822792053223
43 9 1732605126.986392 original_queries/q28_13a.sql 1.9139292240142822
44 0 1732605172.116259 original_queries/q40_2a8120.sql 45.129727840423584
44 1 1732605175.059063 original_queries/q3_7a99.sql 2.942702054977417
44 2 1732605210.8880398 original_queries/q26_2a274.sql 35.828901052474976
44 3 1732605256.236898 original_queries/q1_8a463.sql 45.34871983528137
44 4 1732605294.092911 original_queries/q1_8a463.sql 37.855653047561646
44 5 1732605309.573248 original_queries/q36_7a136.sql 15.479794025421143
44 6 1732605312.0019999 original_queries/q3_7a99.sql 2.4286131858825684
44 7 1732605314.1377962 original_queries/q28_13a.sql 2.1357102394104004
44 8 1732605325.914386 original_queries/q36_7a136.sql 11.776476860046387
44 9 1732605382.6384819 original_queries/q1_8a463.sql 56.72314095497131
45 0 1732605396.34366 original_queries/q14_6a349.sql 13.703387975692749
45 1 1732605443.376126 original_queries/q1_8a463.sql 47.032374143600464
45 2 1732605481.261621 original_queries/q1_8a463.sql 37.88517189025879
45 3 1732605481.444565 original_queries/q20_24b.sql 0.1824941635131836
45 4 1732605483.659956 original_queries/q28_13a.sql 2.2152559757232666
45 5 1732605491.605045 original_queries/q17_7a164.sql 7.944954872131348
45 6 1732605532.0409431 original_queries/q1_8a463.sql 40.43578290939331
45 7 1732605544.1538079 original_queries/q36_7a136.sql 12.112725973129272
45 8 1732605546.400785 original_queries/q3_7a99.sql 2.2468490600585938
45 9 1732605558.924456 original_queries/q14_6a349.sql 12.523519039154053
46 0 1732605596.702146 original_queries/q26_2a274.sql 37.77747631072998
46 1 1732605598.417516 original_queries/q28_13a.sql 1.715273380279541
46 2 1732605625.682515 original_queries/q26_2a274.sql 27.264896154403687
46 3 1732605670.094154 original_queries/q1_8a463.sql 44.41112017631531
46 4 1732605715.084318 original_queries/q26_2a274.sql 44.98980402946472
46 5 1732605729.0893881 original_queries/q4_8a122.sql 14.00474500656128
46 6 1732605731.306401 original_queries/q28_13a.sql 2.2164530754089355
46 7 1732605745.365963 original_queries/q36_7a136.sql 14.05941891670227
46 8 1732605823.013393 original_queries/q40_2a8120.sql 77.64724397659302
46 9 1732605826.169069 original_queries/q3_7a99.sql 3.155457019805908
47 0 1732605826.288971 original_queries/q20_24b.sql 0.11977791786193848
47 1 1732605839.020364 original_queries/q14_6a349.sql 12.731263875961304
47 2 1732605839.135324 original_queries/q20_24b.sql 0.11486601829528809
47 3 1732605841.266113 original_queries/q3_7a99.sql 2.1307058334350586
47 4 1732605902.035805 original_queries/q40_2a8120.sql 60.76938486099243
47 5 1732605912.867488 original_queries/q4_8a122.sql 10.831184148788452
47 6 1732605951.3365262 original_queries/q26_2a274.sql 38.468909740448
47 7 1732605953.621407 original_queries/q3_7a99.sql 2.2847418785095215
47 8 1732605955.265768 original_queries/q28_13a.sql 1.644284963607788
47 9 1732605973.998018 original_queries/q36_7a136.sql 18.73199200630188
48 0 1732606034.93063 original_queries/q1_8a463.sql 60.932286977767944
48 1 1732606079.994227 original_queries/q1_8a463.sql 45.06330895423889
48 2 1732606124.261727 original_queries/q26_2a274.sql 44.26696491241455
48 3 1732606139.116948 original_queries/q14_6a349.sql 14.854920148849487
48 4 1732606139.268032 original_queries/q20_24b.sql 0.15097713470458984
48 5 1732606155.601452 original_queries/q36_7a136.sql 16.33328890800476
48 6 1732606198.02723 original_queries/q26_2a274.sql 42.42548084259033
48 7 1732606209.518323 original_queries/q17_7a164.sql 11.490641117095947
48 8 1732606243.7503328 original_queries/q26_2a274.sql 34.23185586929321
48 9 1732606253.1207428 original_queries/q17_7a164.sql 9.370180130004883
