Read 10 queries.
Using Bao: True
0 0 1732433145.790464 original_queries/q1_8a463.sql 26.076493740081787
0 1 1732433149.588912 original_queries/q28_13a.sql 3.798048973083496
0 2 1732433162.395485 original_queries/q14_6a349.sql 12.806467056274414
0 3 1732433177.010559 original_queries/q17_7a164.sql 14.614957809448242
0 4 1732433188.7175171 original_queries/q36_7a136.sql 11.706835985183716
0 5 1732433190.417511 original_queries/q28_13a.sql 1.6998960971832275
0 6 1732433208.035549 original_queries/q1_8a463.sql 17.617937803268433
0 7 1732433210.3356218 original_queries/q28_13a.sql 2.300044059753418
0 8 1732433234.6698828 original_queries/q40_2a8120.sql 24.334208965301514
0 9 1732433241.003284 original_queries/q14_6a349.sql 6.333331823348999
1 0 1732433264.7275991 original_queries/q40_2a8120.sql 23.724220037460327
1 1 1732433272.646337 original_queries/q36_7a136.sql 7.91865086555481
1 2 1732433272.9011881 original_queries/q20_24b.sql 0.25477075576782227
1 3 1732433279.353034 original_queries/q17_7a164.sql 6.451804161071777
1 4 1732433284.421399 original_queries/q4_8a122.sql 5.068275213241577
1 5 1732433284.6359959 original_queries/q20_24b.sql 0.21451783180236816
1 6 1732433291.344307 original_queries/q14_6a349.sql 6.708266019821167
1 7 1732433299.0384908 original_queries/q14_6a349.sql 7.693922758102417
1 8 1732433323.462192 original_queries/q40_2a8120.sql 24.423272371292114
1 9 1732433331.525186 original_queries/q36_7a136.sql 8.062909126281738
2 0 1732433355.23624 original_queries/q40_2a8120.sql 23.71094799041748
2 1 1732433357.338559 original_queries/q3_7a99.sql 2.102170944213867
2 2 1732433360.894003 original_queries/q28_13a.sql 3.5553550720214844
2 3 1732433365.8424299 original_queries/q4_8a122.sql 4.948307037353516
2 4 1732433366.042101 original_queries/q20_24b.sql 0.19957304000854492
2 5 1732433368.402456 original_queries/q28_13a.sql 2.3603200912475586
2 6 1732433391.99101 original_queries/q40_2a8120.sql 23.588478803634644
2 7 1732433399.629292 original_queries/q36_7a136.sql 7.638168096542358
2 8 1732433424.476524 original_queries/q40_2a8120.sql 24.847089052200317
2 9 1732433427.4762619 original_queries/q28_13a.sql 2.999643087387085
3 0 1732433435.387688 original_queries/q3_7a99.sql 7.911332130432129
3 1 1732433442.901193 original_queries/q14_6a349.sql 7.513404130935669
3 2 1732433458.688985 original_queries/q1_8a463.sql 15.787704944610596
3 3 1732433477.135097 original_queries/q1_8a463.sql 18.44602084159851
3 4 1732433487.0489652 original_queries/q14_6a349.sql 9.913697004318237
3 5 1732433504.214553 original_queries/q1_8a463.sql 17.16550874710083
3 6 1732433513.88691 original_queries/q17_7a164.sql 9.672276973724365
3 7 1732433531.348089 original_queries/q1_8a463.sql 17.461125135421753
3 8 1732433541.6811898 original_queries/q36_7a136.sql 10.333003997802734
3 9 1732433541.939968 original_queries/q20_24b.sql 0.2587127685546875
4 0 1732433542.1043122 original_queries/q20_24b.sql 0.16431307792663574
4 1 1732433558.217987 original_queries/q1_8a463.sql 16.11354684829712
4 2 1732433575.015925 original_queries/q1_8a463.sql 16.797784090042114
4 3 1732433582.743507 original_queries/q4_8a122.sql 7.727541923522949
4 4 1732433591.848535 original_queries/q36_7a136.sql 9.104937076568604
4 5 1732433600.04386 original_queries/q36_7a136.sql 8.195240259170532
4 6 1732433607.026311 original_queries/q17_7a164.sql 6.982331991195679
4 7 1732433614.474903 original_queries/q3_7a99.sql 7.448495149612427
4 8 1732433621.712908 original_queries/q17_7a164.sql 7.237916946411133
4 9 1732433621.9866781 original_queries/q20_24b.sql 0.27370619773864746
5 0 1732433628.619324 original_queries/q4_8a122.sql 6.6326000690460205
5 1 1732433637.532476 original_queries/q36_7a136.sql 8.913077116012573
5 2 1732433638.760306 original_queries/q28_13a.sql 1.2277390956878662
5 3 1732433647.677113 original_queries/q36_7a136.sql 8.91673493385315
5 4 1732433672.2840462 original_queries/q40_2a8120.sql 24.606795072555542
5 5 1732433674.417245 original_queries/q3_7a99.sql 2.132995843887329
5 6 1732433690.2024362 original_queries/q1_8a463.sql 15.785109043121338
5 7 1732433699.875736 original_queries/q14_6a349.sql 9.673267841339111
5 8 1732433700.140414 original_queries/q20_24b.sql 0.2646353244781494
5 9 1732433716.485331 original_queries/q1_8a463.sql 16.344889163970947
6 0 1732433734.125034 original_queries/q1_8a463.sql 17.639629125595093
6 1 1732433742.204041 original_queries/q4_8a122.sql 8.07883334159851
6 2 1732433767.632402 original_queries/q40_2a8120.sql 25.42826008796692
6 3 1732433767.913602 original_queries/q20_24b.sql 0.28110790252685547
6 4 1732433775.90544 original_queries/q36_7a136.sql 7.991802215576172
6 5 1732433776.1700249 original_queries/q20_24b.sql 0.26450419425964355
6 6 1732433781.716806 original_queries/q4_8a122.sql 5.546725749969482
6 7 1732433801.104673 original_queries/q26_2a274.sql 19.38777804374695
6 8 1732433818.397789 original_queries/q1_8a463.sql 17.292967319488525
6 9 1732433835.809793 original_queries/q1_8a463.sql 17.41182589530945
7 0 1732433837.654042 original_queries/q28_13a.sql 1.8441381454467773
7 1 1732433856.472215 original_queries/q1_8a463.sql 18.81808114051819
7 2 1732433858.095434 original_queries/q28_13a.sql 1.6231510639190674
7 3 1732433882.570219 original_queries/q40_2a8120.sql 24.474641799926758
7 4 1732433882.863073 original_queries/q20_24b.sql 0.29270410537719727
7 5 1732433898.235137 original_queries/q1_8a463.sql 15.37202787399292
7 6 1732433905.665965 original_queries/q4_8a122.sql 7.430714130401611
7 7 1732433906.562251 original_queries/q28_13a.sql 0.8961877822875977
7 8 1732433913.1667259 original_queries/q14_6a349.sql 6.604376792907715
7 9 1732433919.195767 original_queries/q14_6a349.sql 6.028976917266846
8 0 1732433925.768951 original_queries/q17_7a164.sql 6.573105096817017
8 1 1732433934.205538 original_queries/q36_7a136.sql 8.436497926712036
8 2 1732433941.7478771 original_queries/q3_7a99.sql 7.542243242263794
8 3 1732433961.241177 original_queries/q26_2a274.sql 19.493221759796143
8 4 1732433969.783788 original_queries/q14_6a349.sql 8.542531728744507
8 5 1732433970.062725 original_queries/q20_24b.sql 0.2788810729980469
8 6 1732433977.353288 original_queries/q4_8a122.sql 7.290524005889893
8 7 1732433978.178336 original_queries/q28_13a.sql 0.8249228000640869
8 8 1732433983.20783 original_queries/q4_8a122.sql 5.029439210891724
8 9 1732434007.433889 original_queries/q40_2a8120.sql 24.22597098350525
9 0 1732434013.4441779 original_queries/q14_6a349.sql 6.010182857513428
9 1 1732434020.280524 original_queries/q3_7a99.sql 6.836254358291626
9 2 1732434028.237814 original_queries/q36_7a136.sql 7.957145690917969
9 3 1732434029.493529 original_queries/q28_13a.sql 1.2556240558624268
9 4 1732434045.9958851 original_queries/q1_8a463.sql 16.50226879119873
9 5 1732434056.184062 original_queries/q36_7a136.sql 10.18808126449585
9 6 1732434063.526876 original_queries/q17_7a164.sql 7.342710971832275
9 7 1732434083.907208 original_queries/q26_2a274.sql 20.38025403022766
9 8 1732434094.386249 original_queries/q26_2a274.sql 10.478962182998657
9 9 1732434101.4377348 original_queries/q4_8a122.sql 7.051374197006226
10 0 1732434126.217283 original_queries/q40_2a8120.sql 24.77939009666443
10 1 1732434141.7331991 original_queries/q1_8a463.sql 15.515786170959473
10 2 1732434144.476716 original_queries/q28_13a.sql 2.74345326423645
10 3 1732434154.498218 original_queries/q17_7a164.sql 10.02138900756836
10 4 1732434161.421699 original_queries/q4_8a122.sql 6.92340087890625
10 5 1732434186.030116 original_queries/q40_2a8120.sql 24.60830521583557
10 6 1732434201.069964 original_queries/q1_8a463.sql 15.039719104766846
10 7 1732434211.418138 original_queries/q36_7a136.sql 10.34813904762268
10 8 1732434219.960446 original_queries/q36_7a136.sql 8.542233228683472
10 9 1732434227.241636 original_queries/q17_7a164.sql 7.281121015548706
11 0 1732434234.9856708 original_queries/q3_7a99.sql 7.743935823440552
11 1 1732434236.2939 original_queries/q28_13a.sql 1.3081247806549072
11 2 1732434244.5872588 original_queries/q3_7a99.sql 8.293281078338623
11 3 1732434245.957945 original_queries/q28_13a.sql 1.370596170425415
11 4 1732434253.3724291 original_queries/q14_6a349.sql 7.414415121078491
11 5 1732434253.6380959 original_queries/q20_24b.sql 0.2656221389770508
11 6 1732434260.765232 original_queries/q14_6a349.sql 7.127104043960571
11 7 1732434266.549618 original_queries/q4_8a122.sql 5.784314155578613
11 8 1732434290.719311 original_queries/q40_2a8120.sql 24.169583797454834
11 9 1732434315.251452 original_queries/q40_2a8120.sql 24.53195595741272
12 0 1732434315.563097 original_queries/q20_24b.sql 0.31148195266723633
12 1 1732434321.583272 original_queries/q14_6a349.sql 6.0201427936553955
12 2 1732434345.440941 original_queries/q40_2a8120.sql 23.85759711265564
12 3 1732434349.338342 original_queries/q4_8a122.sql 3.8973159790039062
12 4 1732434353.829113 original_queries/q14_6a349.sql 4.490710020065308
12 5 1732434369.948342 original_queries/q26_2a274.sql 16.119117259979248
12 6 1732434375.809483 original_queries/q14_6a349.sql 5.8609840869903564
12 7 1732434382.156812 original_queries/q3_7a99.sql 6.3472511768341064
12 8 1732434389.205529 original_queries/q3_7a99.sql 7.048650026321411
12 9 1732434395.762253 original_queries/q17_7a164.sql 6.55664587020874
13 0 1732434415.584078 original_queries/q26_2a274.sql 19.821733951568604
13 1 1732434416.913671 original_queries/q28_13a.sql 1.3294837474822998
13 2 1732441653.8428092 original_queries/q1_8a463.sql 7236.929003953934
13 3 1732448974.875691 original_queries/q40_2a8120.sql 7321.03270483017
13 4 1732456297.405555 original_queries/q26_2a274.sql 7322.529487848282
13 5 1732459958.4833841 original_queries/q1_8a463.sql 3661.077360868454
13 6 1732461558.847174 original_queries/q28_13a.sql 1600.3636920452118
13 7 1732463613.4927502 original_queries/q3_7a99.sql 2054.6455187797546
13 8 1732468959.128445 original_queries/q1_8a463.sql 5345.635411977768
13 9 1732468959.506182 original_queries/q20_24b.sql 0.3772740364074707
14 0 1732468972.8228219 original_queries/q4_8a122.sql 13.316596031188965
14 1 1732468983.443114 original_queries/q36_7a136.sql 10.620131015777588
14 2 1732469012.7821078 original_queries/q26_2a274.sql 29.338729858398438
14 3 1732469015.895158 original_queries/q28_13a.sql 3.1129000186920166
14 4 1732469026.186263 original_queries/q17_7a164.sql 10.29075813293457
14 5 1732469044.2277582 original_queries/q1_8a463.sql 18.041006088256836
14 6 1732469044.524683 original_queries/q20_24b.sql 0.2968430519104004
14 7 1732469047.08329 original_queries/q28_13a.sql 2.558568000793457
14 8 1732469067.1318011 original_queries/q1_8a463.sql 20.048271894454956
14 9 1732469087.6906502 original_queries/q1_8a463.sql 20.558436155319214
15 0 1732469098.3526368 original_queries/q14_6a349.sql 10.661886930465698
15 1 1732469107.621562 original_queries/q36_7a136.sql 9.268882274627686
15 2 1732469124.720993 original_queries/q1_8a463.sql 17.099342107772827
15 3 1732469132.82952 original_queries/q4_8a122.sql 8.108373165130615
15 4 1732469157.007421 original_queries/q40_2a8120.sql 24.177820205688477
15 5 1732469164.236914 original_queries/q14_6a349.sql 7.2294228076934814
15 6 1732469180.2741601 original_queries/q1_8a463.sql 16.03716802597046
15 7 1732469190.810824 original_queries/q36_7a136.sql 10.536510944366455
15 8 1732469208.322172 original_queries/q1_8a463.sql 17.511275053024292
15 9 1732469219.085324 original_queries/q17_7a164.sql 10.763089895248413
16 0 1732469226.731554 original_queries/q4_8a122.sql 7.646121025085449
16 1 1732469227.540701 original_queries/q28_13a.sql 0.8090479373931885
16 2 1732469250.4661708 original_queries/q26_2a274.sql 22.925403118133545
16 3 1732469252.9384162 original_queries/q3_7a99.sql 2.4721240997314453
16 4 1732469277.808256 original_queries/q40_2a8120.sql 24.869649171829224
16 5 1732469287.319621 original_queries/q17_7a164.sql 9.511014938354492
16 6 1732469294.499118 original_queries/q14_6a349.sql 7.1794068813323975
16 7 1732469311.745136 original_queries/q26_2a274.sql 17.245880126953125
16 8 1732469337.9462569 original_queries/q26_2a274.sql 26.201029062271118
16 9 1732469351.976974 original_queries/q26_2a274.sql 14.03059983253479
17 0 1732469353.849374 original_queries/q3_7a99.sql 1.8722739219665527
17 1 1732469364.801632 original_queries/q36_7a136.sql 10.95219111442566
17 2 1732469372.408909 original_queries/q4_8a122.sql 7.607203960418701
17 3 1732469381.451835 original_queries/q14_6a349.sql 9.042836904525757
17 4 1732469398.840534 original_queries/q26_2a274.sql 17.388629913330078
17 5 1732469399.206957 original_queries/q20_24b.sql 0.3663198947906494
17 6 1732469422.781714 original_queries/q40_2a8120.sql 23.574701070785522
17 7 1732469437.299989 original_queries/q1_8a463.sql 14.518194198608398
17 8 1732469445.4616928 original_queries/q17_7a164.sql 8.161649942398071
17 9 1732469465.569199 original_queries/q26_2a274.sql 20.107420921325684
18 0 1732469476.7198908 original_queries/q26_2a274.sql 11.150577783584595
18 1 1732469494.193661 original_queries/q1_8a463.sql 17.47366690635681
18 2 1732469512.556412 original_queries/q1_8a463.sql 18.362674951553345
18 3 1732469521.039974 original_queries/q4_8a122.sql 8.48350214958191
18 4 1732469535.0194938 original_queries/q26_2a274.sql 13.979427814483643
18 5 1732469558.969864 original_queries/q40_2a8120.sql 23.950284004211426
18 6 1732469562.265968 original_queries/q28_13a.sql 3.296020984649658
18 7 1732469569.361345 original_queries/q14_6a349.sql 7.095293283462524
18 8 1732469575.223455 original_queries/q4_8a122.sql 5.862051010131836
18 9 1732469598.847209 original_queries/q40_2a8120.sql 23.623677968978882
19 0 1732469603.71856 original_queries/q4_8a122.sql 4.8712568283081055
19 1 1732469608.429198 original_queries/q4_8a122.sql 4.710568904876709
19 2 1732469631.9439712 original_queries/q40_2a8120.sql 23.5146701335907
19 3 1732469638.2845922 original_queries/q17_7a164.sql 6.3404951095581055
19 4 1732469660.7412941 original_queries/q26_2a274.sql 22.456626892089844
19 5 1732469677.92106 original_queries/q1_8a463.sql 17.179667949676514
19 6 1732469692.08396 original_queries/q26_2a274.sql 14.162855863571167
19 7 1732469701.0045812 original_queries/q14_6a349.sql 8.920536756515503
19 8 1732469701.263704 original_queries/q20_24b.sql 0.2590911388397217
19 9 1732469707.421637 original_queries/q4_8a122.sql 6.157890796661377
20 0 1732469721.4030058 original_queries/q1_8a463.sql 13.981283903121948
20 1 1732469729.859495 original_queries/q3_7a99.sql 8.45645022392273
20 2 1732469748.9742951 original_queries/q26_2a274.sql 19.114720821380615
20 3 1732469758.978815 original_queries/q26_2a274.sql 10.004431009292603
20 4 1732469767.025435 original_queries/q4_8a122.sql 8.046315908432007
20 5 1732469773.3967931 original_queries/q4_8a122.sql 6.370907783508301
20 6 1732469774.288102 original_queries/q28_13a.sql 0.891193151473999
20 7 1732469783.267147 original_queries/q3_7a99.sql 8.978961944580078
20 8 1732469791.251035 original_queries/q17_7a164.sql 7.983756065368652
20 9 1732469807.710825 original_queries/q1_8a463.sql 16.45971918106079
21 0 1732469816.024174 original_queries/q4_8a122.sql 8.313267946243286
21 1 1732469816.8485749 original_queries/q28_13a.sql 0.8243248462677002
21 2 1732469817.639497 original_queries/q28_13a.sql 0.7908589839935303
21 3 1732469826.108253 original_queries/q3_7a99.sql 8.468690156936646
21 4 1732469833.989066 original_queries/q14_6a349.sql 7.88070821762085
21 5 1732469835.230525 original_queries/q28_13a.sql 1.2413761615753174
21 6 1732469836.024256 original_queries/q28_13a.sql 0.7936668395996094
21 7 1732469860.285886 original_queries/q40_2a8120.sql 24.261469841003418
21 8 1732469866.674339 original_queries/q17_7a164.sql 6.388246059417725
21 9 1732469871.5142279 original_queries/q4_8a122.sql 4.8398048877716064
22 0 1732469877.9405582 original_queries/q14_6a349.sql 6.426235675811768
22 1 1732469883.714089 original_queries/q17_7a164.sql 5.7734270095825195
22 2 1732469885.669237 original_queries/q28_13a.sql 1.955031156539917
22 3 1732469893.7831638 original_queries/q36_7a136.sql 8.113835096359253
22 4 1732469909.7768729 original_queries/q1_8a463.sql 15.993628740310669
22 5 1732469919.6845329 original_queries/q17_7a164.sql 9.907603979110718
22 6 1732469943.438751 original_queries/q40_2a8120.sql 23.754143953323364
22 7 1732469959.3061419 original_queries/q1_8a463.sql 15.867326974868774
22 8 1732469962.393782 original_queries/q28_13a.sql 3.087571859359741
22 9 1732469971.8807302 original_queries/q36_7a136.sql 9.486873865127563
23 0 1732469989.873902 original_queries/q26_2a274.sql 17.993046045303345
23 1 1732469991.249196 original_queries/q28_13a.sql 1.3752000331878662
23 2 1732469992.027655 original_queries/q28_13a.sql 0.7783908843994141
23 3 1732469999.112652 original_queries/q4_8a122.sql 7.08493185043335
23 4 1732470015.803251 original_queries/q1_8a463.sql 16.690528869628906
23 5 1732470026.401747 original_queries/q3_7a99.sql 10.598399877548218
23 6 1732470043.970814 original_queries/q1_8a463.sql 17.5689914226532
23 7 1732470044.269022 original_queries/q20_24b.sql 0.2981581687927246
23 8 1732470054.9691432 original_queries/q36_7a136.sql 10.700086832046509
23 9 1732470072.104558 original_queries/q1_8a463.sql 17.13534688949585
24 0 1732470072.457338 original_queries/q20_24b.sql 0.35273289680480957
24 1 1732470083.0554938 original_queries/q3_7a99.sql 10.598119974136353
24 2 1732470091.192545 original_queries/q14_6a349.sql 8.136934757232666
24 3 1732470107.965987 original_queries/q26_2a274.sql 16.773348808288574
24 4 1732470112.213193 original_queries/q4_8a122.sql 4.247135877609253
24 5 1732470114.605178 original_queries/q4_8a122.sql 2.3918960094451904
24 6 1732470120.608023 original_queries/q14_6a349.sql 6.002756118774414
24 7 1732470135.3909178 original_queries/q1_8a463.sql 14.782812118530273
24 8 1732470155.074172 original_queries/q1_8a463.sql 19.68304991722107
24 9 1732470163.2250712 original_queries/q4_8a122.sql 8.150635004043579
25 0 1732470187.565185 original_queries/q40_2a8120.sql 24.340000867843628
25 1 1732470212.541887 original_queries/q40_2a8120.sql 24.976638078689575
25 2 1732470212.8363829 original_queries/q20_24b.sql 0.29442691802978516
25 3 1732470219.6665258 original_queries/q17_7a164.sql 6.830091953277588
25 4 1732470243.7926831 original_queries/q40_2a8120.sql 24.125958919525146
25 5 1732470245.866643 original_queries/q3_7a99.sql 2.073716163635254
25 6 1732470253.155468 original_queries/q36_7a136.sql 7.288763999938965
25 7 1732470256.567015 original_queries/q4_8a122.sql 3.4114890098571777
25 8 1732470263.9691641 original_queries/q36_7a136.sql 7.402063846588135
25 9 1732470269.6690738 original_queries/q14_6a349.sql 5.699839115142822
26 0 1732470293.991384 original_queries/q40_2a8120.sql 24.32220697402954
26 1 1732470308.8069172 original_queries/q1_8a463.sql 14.815383195877075
26 2 1732470320.432547 original_queries/q36_7a136.sql 11.625590801239014
26 3 1732470326.224652 original_queries/q4_8a122.sql 5.792015790939331
26 4 1732470333.299968 original_queries/q17_7a164.sql 7.075153350830078
26 5 1732470340.228291 original_queries/q17_7a164.sql 6.928231954574585
26 6 1732470346.998625 original_queries/q17_7a164.sql 6.770258903503418
26 7 1732470348.285507 original_queries/q28_13a.sql 1.2867779731750488
26 8 1732470364.85785 original_queries/q1_8a463.sql 16.57214379310608
26 9 1732470375.606859 original_queries/q36_7a136.sql 10.748751163482666
27 0 1732470384.769809 original_queries/q3_7a99.sql 9.162808179855347
27 1 1732470403.3532631 original_queries/q1_8a463.sql 18.583387851715088
27 2 1732470414.384497 original_queries/q36_7a136.sql 11.03118896484375
27 3 1732470432.636417 original_queries/q1_8a463.sql 18.251702070236206
27 4 1732470453.9009259 original_queries/q26_2a274.sql 21.264257192611694
27 5 1732470462.570399 original_queries/q4_8a122.sql 8.669354677200317
27 6 1732470487.0409868 original_queries/q40_2a8120.sql 24.470494031906128
27 7 1732470494.860678 original_queries/q14_6a349.sql 7.819527864456177
27 8 1732470512.160726 original_queries/q26_2a274.sql 17.299975872039795
27 9 1732470526.5876129 original_queries/q1_8a463.sql 14.426774978637695
28 0 1732470536.720375 original_queries/q14_6a349.sql 10.132664918899536
28 1 1732470545.7521951 original_queries/q3_7a99.sql 9.031720161437988
28 2 1732470554.962625 original_queries/q36_7a136.sql 9.210338115692139
28 3 1732470572.187855 original_queries/q1_8a463.sql 17.225139379501343
28 4 1732470583.305554 original_queries/q3_7a99.sql 11.117640733718872
28 5 1732470584.575375 original_queries/q28_13a.sql 1.2697229385375977
28 6 1732470601.797923 original_queries/q26_2a274.sql 17.22229313850403
28 7 1732470607.4931998 original_queries/q14_6a349.sql 5.694947004318237
28 8 1732470614.083554 original_queries/q14_6a349.sql 6.590301990509033
28 9 1732470638.540448 original_queries/q40_2a8120.sql 24.456804990768433
29 0 1732470643.442672 original_queries/q4_8a122.sql 4.902133941650391
29 1 1732470644.956095 original_queries/q28_13a.sql 1.5132977962493896
29 2 1732470669.149708 original_queries/q40_2a8120.sql 24.19345998764038
29 3 1732470671.776355 original_queries/q28_13a.sql 2.626538038253784
29 4 1732470678.7402859 original_queries/q17_7a164.sql 6.963807821273804
29 5 1732470685.624726 original_queries/q17_7a164.sql 6.884344100952148
29 6 1732470685.887883 original_queries/q20_24b.sql 0.2630441188812256
29 7 1732470710.4814012 original_queries/q40_2a8120.sql 24.593469858169556
29 8 1732470712.52763 original_queries/q3_7a99.sql 2.0461480617523193
29 9 1732470737.0966568 original_queries/q40_2a8120.sql 24.5689537525177
30 0 1732470762.9393642 original_queries/q40_2a8120.sql 25.84253478050232
30 1 1732470779.6315 original_queries/q1_8a463.sql 16.691978931427002
30 2 1732470799.4890912 original_queries/q1_8a463.sql 19.857524871826172
30 3 1732470813.606209 original_queries/q17_7a164.sql 14.117021799087524
30 4 1732470825.9279099 original_queries/q3_7a99.sql 12.321342945098877
30 5 1732470852.4751759 original_queries/q40_2a8120.sql 26.546741008758545
30 6 1732470892.667855 original_queries/q26_2a274.sql 40.19249606132507
30 7 1732470905.3308759 original_queries/q36_7a136.sql 12.66283392906189
30 8 1732470915.485077 original_queries/q17_7a164.sql 10.154047012329102
30 9 1732470923.974981 original_queries/q4_8a122.sql 8.489755868911743
31 0 1732470948.8109 original_queries/q40_2a8120.sql 24.835747957229614
31 1 1732470955.99369 original_queries/q4_8a122.sql 7.182645082473755
31 2 1732470980.128041 original_queries/q40_2a8120.sql 24.13426184654236
31 3 1732471004.403907 original_queries/q40_2a8120.sql 24.275792837142944
31 4 1732471011.82328 original_queries/q14_6a349.sql 7.419269800186157
31 5 1732471020.014538 original_queries/q3_7a99.sql 8.191152095794678
31 6 1732471020.288065 original_queries/q20_24b.sql 0.2733752727508545
31 7 1732471027.204931 original_queries/q4_8a122.sql 6.916816234588623
31 8 1732471052.140177 original_queries/q40_2a8120.sql 24.935168027877808
31 9 1732471079.574919 original_queries/q40_2a8120.sql 27.43448495864868
32 0 1732471104.0625741 original_queries/q40_2a8120.sql 24.487175941467285
32 1 1732471121.682517 original_queries/q1_8a463.sql 17.61961793899536
32 2 1732471124.956971 original_queries/q3_7a99.sql 3.2738940715789795
32 3 1732471137.270508 original_queries/q17_7a164.sql 12.313431978225708
32 4 1732471161.424493 original_queries/q40_2a8120.sql 24.153913974761963
32 5 1732471184.995658 original_queries/q40_2a8120.sql 23.5710871219635
32 6 1732471202.561326 original_queries/q1_8a463.sql 17.56537914276123
32 7 1732471230.532347 original_queries/q40_2a8120.sql 27.97037100791931
32 8 1732471280.551096 original_queries/q26_2a274.sql 50.01825785636902
32 9 1732471280.991432 original_queries/q20_24b.sql 0.43999218940734863
33 0 1732471284.419677 original_queries/q3_7a99.sql 3.4281718730926514
33 1 1732471306.478532 original_queries/q1_8a463.sql 22.05874991416931
33 2 1732471319.951348 original_queries/q14_6a349.sql 13.472751140594482
33 3 1732471331.0687082 original_queries/q17_7a164.sql 11.11730694770813
33 4 1732471331.353456 original_queries/q20_24b.sql 0.2846698760986328
33 5 1732471356.1239748 original_queries/q40_2a8120.sql 24.77046298980713
33 6 1732471363.426869 original_queries/q4_8a122.sql 7.302821159362793
33 7 1732471379.9260411 original_queries/q1_8a463.sql 16.498931169509888
33 8 1732471391.373328 original_queries/q36_7a136.sql 11.446888208389282
33 9 1732471391.6432269 original_queries/q20_24b.sql 0.269819974899292
34 0 1732471399.512991 original_queries/q4_8a122.sql 7.869713068008423
34 1 1732471401.286898 original_queries/q28_13a.sql 1.773787260055542
34 2 1732471409.4975529 original_queries/q4_8a122.sql 8.210579872131348
34 3 1732471418.6448908 original_queries/q17_7a164.sql 9.147204875946045
34 4 1732471427.113268 original_queries/q4_8a122.sql 8.468056678771973
34 5 1732471436.7953742 original_queries/q17_7a164.sql 9.68162989616394
34 6 1732471445.402978 original_queries/q4_8a122.sql 8.60749888420105
34 7 1732471462.7281651 original_queries/q1_8a463.sql 17.32505488395691
34 8 1732471473.858397 original_queries/q17_7a164.sql 11.130022048950195
34 9 1732471503.8783581 original_queries/q26_2a274.sql 30.019871950149536
35 0 1732471506.130382 original_queries/q3_7a99.sql 2.251858949661255
35 1 1732471506.3697128 original_queries/q20_24b.sql 0.2392880916595459
35 2 1732471517.559201 original_queries/q36_7a136.sql 11.189452886581421
35 3 1732471518.756319 original_queries/q28_13a.sql 1.1970288753509521
35 4 1732471518.978365 original_queries/q20_24b.sql 0.221970796585083
35 5 1732471520.683095 original_queries/q28_13a.sql 1.7046949863433838
35 6 1732471539.357208 original_queries/q1_8a463.sql 18.673837184906006
35 7 1732471551.108586 original_queries/q3_7a99.sql 11.750904083251953
35 8 1732471561.4998121 original_queries/q14_6a349.sql 10.391143798828125
35 9 1732471569.204066 original_queries/q4_8a122.sql 7.704178094863892
36 0 1732471570.566289 original_queries/q28_13a.sql 1.3620820045471191
36 1 1732471579.518311 original_queries/q3_7a99.sql 8.951955795288086
36 2 1732471589.8105102 original_queries/q3_7a99.sql 10.292123794555664
36 3 1732471600.1542358 original_queries/q36_7a136.sql 10.34364128112793
36 4 1732471600.524992 original_queries/q20_24b.sql 0.3707139492034912
36 5 1732471610.222092 original_queries/q14_6a349.sql 9.697059154510498
36 6 1732471620.617876 original_queries/q36_7a136.sql 10.395709991455078
36 7 1732471620.892184 original_queries/q20_24b.sql 0.27424097061157227
36 8 1732471621.080883 original_queries/q20_24b.sql 0.18867111206054688
36 9 1732471645.717119 original_queries/q40_2a8120.sql 24.636204719543457
37 0 1732471648.799409 original_queries/q3_7a99.sql 3.0821549892425537
37 1 1732471649.051231 original_queries/q20_24b.sql 0.2517387866973877
37 2 1732471649.217887 original_queries/q20_24b.sql 0.16663408279418945
37 3 1732471683.820139 original_queries/q26_2a274.sql 34.60221481323242
37 4 1732471707.562345 original_queries/q26_2a274.sql 23.742121934890747
37 5 1732471726.125684 original_queries/q1_8a463.sql 18.56307291984558
37 6 1732471738.147775 original_queries/q17_7a164.sql 12.02176308631897
37 7 1732471767.273889 original_queries/q26_2a274.sql 29.126028776168823
37 8 1732471775.510454 original_queries/q4_8a122.sql 8.236430883407593
37 9 1732471786.9553752 original_queries/q36_7a136.sql 11.444829940795898
38 0 1732471794.8797371 original_queries/q4_8a122.sql 7.924239158630371
38 1 1732471805.372916 original_queries/q36_7a136.sql 10.49289608001709
38 2 1732471805.6495922 original_queries/q20_24b.sql 0.27633094787597656
38 3 1732471808.200369 original_queries/q28_13a.sql 2.5507311820983887
38 4 1732471817.113373 original_queries/q14_6a349.sql 8.91289234161377
38 5 1732471833.995436 original_queries/q1_8a463.sql 16.882002115249634
38 6 1732471859.265856 original_queries/q26_2a274.sql 25.27037501335144
38 7 1732471861.602162 original_queries/q28_13a.sql 2.336225986480713
38 8 1732471871.92686 original_queries/q36_7a136.sql 10.32460904121399
38 9 1732471904.475054 original_queries/q26_2a274.sql 32.54785704612732
39 0 1732471931.148046 original_queries/q26_2a274.sql 26.67237877845764
39 1 1732471950.650366 original_queries/q1_8a463.sql 19.501994848251343
39 2 1732471985.899245 original_queries/q26_2a274.sql 35.248586893081665
39 3 1732471996.019246 original_queries/q4_8a122.sql 10.119633913040161
39 4 1732471998.1065578 original_queries/q3_7a99.sql 2.0868380069732666
39 5 1732472008.061874 original_queries/q17_7a164.sql 9.95520830154419
39 6 1732472017.4330392 original_queries/q14_6a349.sql 9.371075630187988
39 7 1732472019.842125 original_queries/q28_13a.sql 2.408972978591919
39 8 1732472032.4668028 original_queries/q36_7a136.sql 12.624593019485474
39 9 1732472032.7317371 original_queries/q20_24b.sql 0.2648289203643799
40 0 1732472058.037468 original_queries/q40_2a8120.sql 25.3055419921875
40 1 1732472060.646376 original_queries/q3_7a99.sql 2.6086318492889404
40 2 1732472069.203784 original_queries/q36_7a136.sql 8.557323932647705
40 3 1732472086.083835 original_queries/q1_8a463.sql 16.879827976226807
40 4 1732472098.3340318 original_queries/q17_7a164.sql 12.249905109405518
40 5 1732472107.9689448 original_queries/q14_6a349.sql 9.634836912155151
40 6 1732472127.066912 original_queries/q1_8a463.sql 19.09786605834961
40 7 1732472151.088236 original_queries/q26_2a274.sql 24.02105212211609
40 8 1732472175.9517188 original_queries/q40_2a8120.sql 24.863372087478638
40 9 1732472183.774602 original_queries/q14_6a349.sql 7.822803020477295
41 0 1732472201.51092 original_queries/q26_2a274.sql 17.735992908477783
41 1 1732472209.1281211 original_queries/q36_7a136.sql 7.616862773895264
41 2 1732472217.116684 original_queries/q17_7a164.sql 7.988446950912476
41 3 1732472226.720015 original_queries/q36_7a136.sql 9.603236198425293
41 4 1732472254.298744 original_queries/q26_2a274.sql 27.578648805618286
41 5 1732472273.080827 original_queries/q1_8a463.sql 18.78183388710022
41 6 1732472285.3532548 original_queries/q36_7a136.sql 12.272171974182129
41 7 1732472294.4112031 original_queries/q14_6a349.sql 9.057842016220093
41 8 1732472296.699649 original_queries/q3_7a99.sql 2.288361072540283
41 9 1732472306.4602702 original_queries/q3_7a99.sql 9.760547637939453
42 0 1732472315.223367 original_queries/q17_7a164.sql 8.762950897216797
42 1 1732472342.499941 original_queries/q26_2a274.sql 27.276488065719604
42 2 1732472352.37181 original_queries/q17_7a164.sql 9.87178087234497
42 3 1732472360.34524 original_queries/q4_8a122.sql 7.973341941833496
42 4 1732472361.204103 original_queries/q28_13a.sql 0.8587431907653809
42 5 1732472369.910464 original_queries/q14_6a349.sql 8.706296920776367
42 6 1732472387.7960398 original_queries/q1_8a463.sql 17.885495901107788
42 7 1732472412.843196 original_queries/q40_2a8120.sql 25.046929836273193
42 8 1732472430.399987 original_queries/q26_2a274.sql 17.55651307106018
42 9 1732472455.289267 original_queries/q40_2a8120.sql 24.8892240524292
43 0 1732472463.910818 original_queries/q36_7a136.sql 8.62148404121399
43 1 1732472471.716604 original_queries/q4_8a122.sql 7.8056299686431885
43 2 1732472474.325535 original_queries/q28_13a.sql 2.608733892440796
43 3 1732472480.9027462 original_queries/q4_8a122.sql 6.577117919921875
43 4 1732472505.942219 original_queries/q40_2a8120.sql 25.03939390182495
43 5 1732472514.325443 original_queries/q36_7a136.sql 8.383170127868652
43 6 1732472523.357203 original_queries/q3_7a99.sql 9.031687259674072
43 7 1732472525.433986 original_queries/q28_13a.sql 2.0767011642456055
43 8 1732472550.177516 original_queries/q40_2a8120.sql 24.743443965911865
43 9 1732472555.2421172 original_queries/q28_13a.sql 5.064549207687378
44 0 1732472579.884939 original_queries/q40_2a8120.sql 24.642750024795532
44 1 1732472582.8649468 original_queries/q3_7a99.sql 2.979928731918335
44 2 1732472614.5820968 original_queries/q26_2a274.sql 31.717080116271973
44 3 1732472632.413155 original_queries/q1_8a463.sql 17.830811262130737
44 4 1732472652.9242592 original_queries/q1_8a463.sql 20.510766744613647
44 5 1732472664.885548 original_queries/q36_7a136.sql 11.961228847503662
44 6 1732472674.9208908 original_queries/q3_7a99.sql 10.03524398803711
44 7 1732472676.3076491 original_queries/q28_13a.sql 1.3852508068084717
44 8 1732472686.7891011 original_queries/q36_7a136.sql 10.481353998184204
44 9 1732472704.444468 original_queries/q1_8a463.sql 17.655215978622437
45 0 1732472715.247394 original_queries/q14_6a349.sql 10.802754163742065
45 1 1732472735.986146 original_queries/q1_8a463.sql 20.73866891860962
45 2 1732474478.680444 original_queries/q1_8a463.sql 1742.694146156311
45 3 1732474479.0645099 original_queries/q20_24b.sql 0.3834831714630127
45 4 1732474483.020972 original_queries/q28_13a.sql 3.956420660018921
45 5 1732474497.980994 original_queries/q17_7a164.sql 14.959715604782104
45 6 1732474520.9989738 original_queries/q1_8a463.sql 23.017290115356445
45 7 1732474535.224708 original_queries/q36_7a136.sql 14.225489854812622
45 8 1732474549.302401 original_queries/q3_7a99.sql 14.077589988708496
45 9 1732474559.7006998 original_queries/q14_6a349.sql 10.398046970367432
46 0 1732474578.2053912 original_queries/q26_2a274.sql 18.504395723342896
46 1 1732474583.362535 original_queries/q28_13a.sql 5.157001972198486
46 2 1732474637.497631 original_queries/q26_2a274.sql 54.134807109832764
46 3 1732479451.357734 original_queries/q1_8a463.sql 4813.859445095062
46 4 1732486375.733461 original_queries/q26_2a274.sql 6924.375221967697
46 5 1732491139.487555 original_queries/q4_8a122.sql 4763.753681898117
46 6 1732491143.066506 original_queries/q28_13a.sql 3.5788609981536865
46 7 1732491938.683497 original_queries/q36_7a136.sql 795.6166818141937
46 8 1732491967.798988 original_queries/q40_2a8120.sql 29.114510774612427
46 9 1732491971.998646 original_queries/q3_7a99.sql 4.199364185333252
47 0 1732491972.258579 original_queries/q20_24b.sql 0.25984883308410645
47 1 1732491983.085166 original_queries/q14_6a349.sql 10.826550006866455
47 2 1732491983.380756 original_queries/q20_24b.sql 0.295551061630249
47 3 1732491994.2840672 original_queries/q3_7a99.sql 10.903264045715332
47 4 1732492020.1732202 original_queries/q40_2a8120.sql 25.888925790786743
47 5 1732492027.859031 original_queries/q4_8a122.sql 7.685479164123535
47 6 1732492069.609378 original_queries/q26_2a274.sql 41.75012493133545
47 7 1732492072.4609668 original_queries/q3_7a99.sql 2.85127329826355
47 8 1732492076.381197 original_queries/q28_13a.sql 3.9201269149780273
47 9 1732492089.298229 original_queries/q36_7a136.sql 12.916924953460693
48 0 1732492109.620437 original_queries/q1_8a463.sql 20.321958780288696
48 1 1732492131.0819058 original_queries/q1_8a463.sql 21.461201906204224
48 2 1732492166.797749 original_queries/q26_2a274.sql 35.715721130371094
48 3 1732492178.31089 original_queries/q14_6a349.sql 11.513048648834229
48 4 1732492178.610283 original_queries/q20_24b.sql 0.29931068420410156
48 5 1732492191.2192771 original_queries/q36_7a136.sql 12.608947277069092
48 6 1732492234.2134578 original_queries/q26_2a274.sql 42.993905782699585
48 7 1732492247.759597 original_queries/q17_7a164.sql 13.54564619064331
48 8 1732492284.34313 original_queries/q26_2a274.sql 36.583422899246216
48 9 1732492296.557467 original_queries/q17_7a164.sql 12.214187145233154
