Read 10 queries.
Using Bao: True
0 0 1732429419.921056 queries/q1_8a463.sql 15.07862401008606
0 1 1732429423.177931 queries/q28_13a.sql 3.2564289569854736
0 2 1732429434.6735191 queries/q14_6a349.sql 11.495526790618896
0 3 1732429445.063308 queries/q17_7a164.sql 10.389676094055176
0 4 1732429456.064576 queries/q36_7a136.sql 11.001084804534912
0 5 1732429458.7836978 queries/q28_13a.sql 2.7187390327453613
0 6 1732429466.035539 queries/q1_8a463.sql 7.251749277114868
0 7 1732429467.821074 queries/q28_13a.sql 1.7854351997375488
0 8 1732429475.6662242 queries/q40_2a8120.sql 7.845030784606934
0 9 1732429483.093525 queries/q14_6a349.sql 7.4271581172943115
1 0 1732429490.381685 queries/q40_2a8120.sql 7.287997245788574
1 1 1732429500.040073 queries/q36_7a136.sql 9.658304929733276
1 2 1732429500.3023129 queries/q20_24b.sql 0.2621629238128662
1 3 1732429508.191894 queries/q17_7a164.sql 7.889538049697876
1 4 1732429516.908757 queries/q4_8a122.sql 8.716769933700562
1 5 1732429517.149875 queries/q20_24b.sql 0.2410120964050293
1 6 1732429528.082606 queries/q14_6a349.sql 10.932691812515259
1 7 1732429536.8264802 queries/q14_6a349.sql 8.743764400482178
1 8 1732429544.685169 queries/q40_2a8120.sql 7.858565092086792
1 9 1732429554.358453 queries/q36_7a136.sql 9.673221111297607
2 0 1732429561.893499 queries/q40_2a8120.sql 7.53495979309082
2 1 1732429564.689906 queries/q3_7a99.sql 2.796373128890991
2 2 1732429566.767315 queries/q28_13a.sql 2.077317953109741
2 3 1732429573.14055 queries/q4_8a122.sql 6.372996091842651
2 4 1732429573.368917 queries/q20_24b.sql 0.22806382179260254
2 5 1732429574.892359 queries/q28_13a.sql 1.5233900547027588
2 6 1732429583.089447 queries/q40_2a8120.sql 8.197011947631836
2 7 1732429594.112948 queries/q36_7a136.sql 11.023417234420776
2 8 1732429601.959339 queries/q40_2a8120.sql 7.846270322799683
2 9 1732429603.892601 queries/q28_13a.sql 1.9331798553466797
3 0 1732429606.364542 queries/q3_7a99.sql 2.4718270301818848
3 1 1732429614.204706 queries/q14_6a349.sql 7.840101957321167
3 2 1732429619.947927 queries/q1_8a463.sql 5.743112802505493
3 3 1732429622.658795 queries/q1_8a463.sql 2.710768222808838
3 4 1732429630.758421 queries/q14_6a349.sql 8.09952998161316
3 5 1732429637.050231 queries/q1_8a463.sql 6.291673183441162
3 6 1732429645.277672 queries/q17_7a164.sql 8.227308750152588
3 7 1732429654.316329 queries/q1_8a463.sql 9.038567066192627
3 8 1732429665.87073 queries/q36_7a136.sql 11.554309129714966
3 9 1732429666.149606 queries/q20_24b.sql 0.2787959575653076
4 0 1732429666.31889 queries/q20_24b.sql 0.16924381256103516
4 1 1732429673.987443 queries/q1_8a463.sql 7.668514013290405
4 2 1732429676.73855 queries/q1_8a463.sql 2.751016139984131
4 3 1732429683.312512 queries/q4_8a122.sql 6.573855876922607
4 4 1732429693.988109 queries/q36_7a136.sql 10.675297975540161
4 5 1732429706.338912 queries/q36_7a136.sql 12.35047197341919
4 6 1732429715.287798 queries/q17_7a164.sql 8.948755264282227
4 7 1732429717.592921 queries/q3_7a99.sql 2.3050291538238525
4 8 1732429726.487308 queries/q17_7a164.sql 8.894309997558594
4 9 1732429726.724562 queries/q20_24b.sql 0.23721694946289062
5 0 1732429734.5099158 queries/q4_8a122.sql 7.785303115844727
5 1 1732429745.365959 queries/q36_7a136.sql 10.855727910995483
5 2 1732429747.922122 queries/q28_13a.sql 2.5557589530944824
5 3 1732429758.255598 queries/q36_7a136.sql 10.33338212966919
5 4 1732429766.182587 queries/q40_2a8120.sql 7.926868915557861
5 5 1732429768.68271 queries/q3_7a99.sql 2.500046968460083
5 6 1732429776.9483562 queries/q1_8a463.sql 8.265406847000122
5 7 1732429784.6635442 queries/q14_6a349.sql 7.714872121810913
5 8 1732429784.9292219 queries/q20_24b.sql 0.26560020446777344
5 9 1732429790.60722 queries/q1_8a463.sql 5.677946090698242
6 0 1732429792.2712698 queries/q1_8a463.sql 1.66389799118042
6 1 1732429797.702414 queries/q4_8a122.sql 5.431048154830933
6 2 1732429806.2660952 queries/q40_2a8120.sql 8.563581943511963
6 3 1732429806.477739 queries/q20_24b.sql 0.21156001091003418
6 4 1732429816.6548421 queries/q36_7a136.sql 10.177048683166504
6 5 1732429816.9373288 queries/q20_24b.sql 0.28241491317749023
6 6 1732429824.124139 queries/q4_8a122.sql 7.18676233291626
6 7 1732429850.0770738 queries/q26_2a274.sql 25.952635765075684
6 8 1732429857.606097 queries/q1_8a463.sql 7.528686761856079
6 9 1732429859.696393 queries/q1_8a463.sql 2.0902037620544434
7 0 1732429862.380146 queries/q28_13a.sql 2.6835899353027344
7 1 1732429864.540053 queries/q1_8a463.sql 2.1598141193389893
7 2 1732429865.9509828 queries/q28_13a.sql 1.4108421802520752
7 3 1732429874.1184099 queries/q40_2a8120.sql 8.167317152023315
7 4 1732429874.3297322 queries/q20_24b.sql 0.21121478080749512
7 5 1732429876.559646 queries/q1_8a463.sql 2.2298660278320312
7 6 1732429882.550297 queries/q4_8a122.sql 5.990577936172485
7 7 1732429884.002057 queries/q28_13a.sql 1.4516448974609375
7 8 1732429891.936286 queries/q14_6a349.sql 7.934125900268555
7 9 1732429899.182163 queries/q14_6a349.sql 7.24580717086792
8 0 1732429907.0745401 queries/q17_7a164.sql 7.892266035079956
8 1 1732429917.502135 queries/q36_7a136.sql 10.427515268325806
8 2 1732429920.119614 queries/q3_7a99.sql 2.6173641681671143
8 3 1732429937.075794 queries/q26_2a274.sql 16.95594310760498
8 4 1732429943.8198998 queries/q14_6a349.sql 6.743825912475586
8 5 1732429944.103758 queries/q20_24b.sql 0.28374695777893066
8 6 1732429950.433689 queries/q4_8a122.sql 6.329880714416504
8 7 1732429953.817178 queries/q28_13a.sql 3.3833847045898438
8 8 1732429959.022642 queries/q4_8a122.sql 5.205370903015137
8 9 1732429966.980766 queries/q40_2a8120.sql 7.9580159187316895
9 0 1732429973.952301 queries/q14_6a349.sql 6.971418857574463
9 1 1732429976.4158368 queries/q3_7a99.sql 2.463466167449951
9 2 1732429987.328407 queries/q36_7a136.sql 10.91249704360962
9 3 1732429989.569175 queries/q28_13a.sql 2.240690231323242
9 4 1732429996.615909 queries/q1_8a463.sql 7.046647071838379
9 5 1732430006.826922 queries/q36_7a136.sql 10.210937976837158
9 6 1732430014.738836 queries/q17_7a164.sql 7.911836862564087
9 7 1732430036.972893 queries/q26_2a274.sql 22.233915090560913
9 8 1732430051.3029912 queries/q26_2a274.sql 14.329996109008789
9 9 1732430057.945338 queries/q4_8a122.sql 6.642230033874512
10 0 1732430065.809872 queries/q40_2a8120.sql 7.8644280433654785
10 1 1732430070.954089 queries/q1_8a463.sql 5.144156217575073
10 2 1732430072.4940338 queries/q28_13a.sql 1.5398387908935547
10 3 1732430080.297083 queries/q17_7a164.sql 7.802952766418457
10 4 1732430087.235847 queries/q4_8a122.sql 6.938678026199341
10 5 1732430093.9145799 queries/q40_2a8120.sql 6.678647041320801
10 6 1732430100.247073 queries/q1_8a463.sql 6.332396984100342
10 7 1732430110.155746 queries/q36_7a136.sql 9.908578872680664
10 8 1732430121.442313 queries/q36_7a136.sql 11.286494016647339
10 9 1732430129.480688 queries/q17_7a164.sql 8.038285255432129
11 0 1732430132.0315762 queries/q3_7a99.sql 2.5508010387420654
11 1 1732430133.857492 queries/q28_13a.sql 1.8258378505706787
11 2 1732430136.051476 queries/q3_7a99.sql 2.1939117908477783
11 3 1732430137.279309 queries/q28_13a.sql 1.2277638912200928
11 4 1732430145.470983 queries/q14_6a349.sql 8.191571950912476
11 5 1732430145.727881 queries/q20_24b.sql 0.2568199634552002
11 6 1732430153.547031 queries/q14_6a349.sql 7.819065093994141
11 7 1732430160.239406 queries/q4_8a122.sql 6.692214012145996
11 8 1732430167.985624 queries/q40_2a8120.sql 7.7461159229278564
11 9 1732430174.685596 queries/q40_2a8120.sql 6.699894189834595
12 0 1732430174.9192598 queries/q20_24b.sql 0.23358988761901855
12 1 1732430182.530729 queries/q14_6a349.sql 7.611418962478638
12 2 1732430190.399209 queries/q40_2a8120.sql 7.8683648109436035
12 3 1732430197.2202299 queries/q4_8a122.sql 6.820901870727539
12 4 1732430204.644275 queries/q14_6a349.sql 7.423918008804321
12 5 1732430221.6063979 queries/q26_2a274.sql 16.96200704574585
12 6 1732430228.073736 queries/q14_6a349.sql 6.467253923416138
12 7 1732430230.381252 queries/q3_7a99.sql 2.307425022125244
12 8 1732430231.993524 queries/q3_7a99.sql 1.612192153930664
12 9 1732430239.489602 queries/q17_7a164.sql 7.49599814414978
13 0 1732430261.472828 queries/q26_2a274.sql 21.98309826850891
13 1 1732430262.851527 queries/q28_13a.sql 1.3786182403564453
13 2 1732430269.878422 queries/q1_8a463.sql 7.026807069778442
13 3 1732430275.798785 queries/q40_2a8120.sql 5.920284032821655
13 4 1732430296.1597881 queries/q26_2a274.sql 20.360909938812256
13 5 1732430303.0237079 queries/q1_8a463.sql 6.86378812789917
13 6 1732430304.17291 queries/q28_13a.sql 1.149036169052124
13 7 1732430306.35967 queries/q3_7a99.sql 2.1866908073425293
13 8 1732430313.204271 queries/q1_8a463.sql 6.844515800476074
13 9 1732430313.4098072 queries/q20_24b.sql 0.20545697212219238
14 0 1732430319.626001 queries/q4_8a122.sql 6.216140031814575
14 1 1732430330.544422 queries/q36_7a136.sql 10.918328046798706
14 2 1732430354.434569 queries/q26_2a274.sql 23.890074729919434
14 3 1732430355.78226 queries/q28_13a.sql 1.3476338386535645
14 4 1732430364.891427 queries/q17_7a164.sql 9.109089851379395
14 5 1732430371.829001 queries/q1_8a463.sql 6.9374680519104
14 6 1732430372.044245 queries/q20_24b.sql 0.21516203880310059
14 7 1732430373.4760818 queries/q28_13a.sql 1.4317891597747803
14 8 1732430381.2139058 queries/q1_8a463.sql 7.737748861312866
14 9 1732430384.444222 queries/q1_8a463.sql 3.23022723197937
15 0 1732430393.30318 queries/q14_6a349.sql 8.85887622833252
15 1 1732430403.6149812 queries/q36_7a136.sql 10.311712980270386
15 2 1732430409.8669922 queries/q1_8a463.sql 6.25190806388855
15 3 1732430416.485801 queries/q4_8a122.sql 6.61873984336853
15 4 1732430424.176814 queries/q40_2a8120.sql 7.6909019947052
15 5 1732430431.17292 queries/q14_6a349.sql 6.995979070663452
15 6 1732430437.1134222 queries/q1_8a463.sql 5.940411806106567
15 7 1732430447.938706 queries/q36_7a136.sql 10.825208902359009
15 8 1732430455.84346 queries/q1_8a463.sql 7.904664993286133
15 9 1732430464.1569102 queries/q17_7a164.sql 8.313335657119751
16 0 1732430471.84022 queries/q4_8a122.sql 7.683175086975098
16 1 1732430474.119952 queries/q28_13a.sql 2.2795450687408447
16 2 1732430499.0689511 queries/q26_2a274.sql 24.94881796836853
16 3 1732430501.289587 queries/q3_7a99.sql 2.2205660343170166
16 4 1732430509.012921 queries/q40_2a8120.sql 7.723258972167969
16 5 1732430516.80453 queries/q17_7a164.sql 7.791486024856567
16 6 1732430524.31108 queries/q14_6a349.sql 7.506446838378906
16 7 1732430541.764104 queries/q26_2a274.sql 17.45275115966797
16 8 1732430563.425285 queries/q26_2a274.sql 21.660867929458618
16 9 1732430580.371545 queries/q26_2a274.sql 16.94614601135254
17 0 1732430582.552217 queries/q3_7a99.sql 2.180507183074951
17 1 1732430593.875912 queries/q36_7a136.sql 11.323623180389404
17 2 1732430601.1648982 queries/q4_8a122.sql 7.288890838623047
17 3 1732430609.61586 queries/q14_6a349.sql 8.450861930847168
17 4 1732430626.9655838 queries/q26_2a274.sql 17.349483013153076
17 5 1732430627.267993 queries/q20_24b.sql 0.3020460605621338
17 6 1732430631.621433 queries/q40_2a8120.sql 4.3533899784088135
17 7 1732430633.059985 queries/q1_8a463.sql 1.4384567737579346
17 8 1732430638.630355 queries/q17_7a164.sql 5.570250988006592
17 9 1732430658.723361 queries/q26_2a274.sql 20.09291410446167
18 0 1732430670.999533 queries/q26_2a274.sql 12.276055097579956
18 1 1732430678.403934 queries/q1_8a463.sql 7.404311895370483
18 2 1732430680.5069299 queries/q1_8a463.sql 2.102918863296509
18 3 1732430685.543512 queries/q4_8a122.sql 5.036458969116211
18 4 1732430706.087466 queries/q26_2a274.sql 20.543853998184204
18 5 1732430713.4462779 queries/q40_2a8120.sql 7.358684778213501
18 6 1732430715.0306811 queries/q28_13a.sql 1.5842759609222412
18 7 1732430723.029096 queries/q14_6a349.sql 7.9983086585998535
18 8 1732430729.84021 queries/q4_8a122.sql 6.811020851135254
18 9 1732430737.0964868 queries/q40_2a8120.sql 7.256176948547363
19 0 1732430743.188395 queries/q4_8a122.sql 6.091814756393433
19 1 1732430747.103982 queries/q4_8a122.sql 3.915511131286621
19 2 1732430754.849364 queries/q40_2a8120.sql 7.745253086090088
19 3 1732430761.91963 queries/q17_7a164.sql 7.070136070251465
19 4 1732430786.041746 queries/q26_2a274.sql 24.122008085250854
19 5 1732430793.0668612 queries/q1_8a463.sql 7.025022983551025
19 6 1732430813.243793 queries/q26_2a274.sql 20.176838874816895
19 7 1732430822.542704 queries/q14_6a349.sql 9.298816919326782
19 8 1732430822.797278 queries/q20_24b.sql 0.254472017288208
19 9 1732430829.212066 queries/q4_8a122.sql 6.414743185043335
20 0 1732430836.512583 queries/q1_8a463.sql 7.300404071807861
20 1 1732430838.675124 queries/q3_7a99.sql 2.1624250411987305
20 2 1732430862.347487 queries/q26_2a274.sql 23.672149896621704
20 3 1732430880.532594 queries/q26_2a274.sql 18.184834003448486
20 4 1732430886.937763 queries/q4_8a122.sql 6.405073881149292
20 5 1732430891.582943 queries/q4_8a122.sql 4.645086050033569
20 6 1732430893.003408 queries/q28_13a.sql 1.4203388690948486
20 7 1732430895.173082 queries/q3_7a99.sql 2.1695921421051025
20 8 1732430903.9026911 queries/q17_7a164.sql 8.729480028152466
20 9 1732430911.866278 queries/q1_8a463.sql 7.9634928703308105
21 0 1732430918.4880698 queries/q4_8a122.sql 6.621678113937378
21 1 1732430919.796065 queries/q28_13a.sql 1.3079118728637695
21 2 1732430920.8173382 queries/q28_13a.sql 1.0212018489837646
21 3 1732430923.2022898 queries/q3_7a99.sql 2.384874105453491
21 4 1732430931.833052 queries/q14_6a349.sql 8.630659103393555
21 5 1732430933.343252 queries/q28_13a.sql 1.510119915008545
21 6 1732430934.296107 queries/q28_13a.sql 0.9527990818023682
21 7 1732430942.2365792 queries/q40_2a8120.sql 7.940398931503296
21 8 1732430949.8282702 queries/q17_7a164.sql 7.591506004333496
21 9 1732430956.285766 queries/q4_8a122.sql 6.4573140144348145
22 0 1732430964.878998 queries/q14_6a349.sql 8.592934131622314
22 1 1732430972.986901 queries/q17_7a164.sql 8.107805252075195
22 2 1732430974.618824 queries/q28_13a.sql 1.6318349838256836
22 3 1732430986.238077 queries/q36_7a136.sql 11.61918592453003
22 4 1732430992.831808 queries/q1_8a463.sql 6.59364914894104
22 5 1732431002.210301 queries/q17_7a164.sql 9.3784019947052
22 6 1732431008.78311 queries/q40_2a8120.sql 6.572706699371338
22 7 1732431013.812659 queries/q1_8a463.sql 5.029449939727783
22 8 1732431014.967839 queries/q28_13a.sql 1.1551048755645752
22 9 1732431025.518427 queries/q36_7a136.sql 10.55051589012146
23 0 1732431049.209861 queries/q26_2a274.sql 23.69133496284485
23 1 1732431050.647079 queries/q28_13a.sql 1.4371569156646729
23 2 1732431051.771851 queries/q28_13a.sql 1.1246838569641113
23 3 1732431058.975678 queries/q4_8a122.sql 7.2037317752838135
23 4 1732431065.849417 queries/q1_8a463.sql 6.873652935028076
23 5 1732431067.968011 queries/q3_7a99.sql 2.1185050010681152
23 6 1732431074.9636748 queries/q1_8a463.sql 6.995602130889893
23 7 1732431075.155712 queries/q20_24b.sql 0.19198989868164062
23 8 1732431085.597014 queries/q36_7a136.sql 10.441263914108276
23 9 1732431092.750836 queries/q1_8a463.sql 7.153412818908691
24 0 1732431092.996381 queries/q20_24b.sql 0.2451627254486084
24 1 1732431095.464382 queries/q3_7a99.sql 2.467963218688965
24 2 1732431103.276897 queries/q14_6a349.sql 7.812469005584717
24 3 1732431120.27841 queries/q26_2a274.sql 17.001405000686646
24 4 1732431125.662854 queries/q4_8a122.sql 5.384326934814453
24 5 1732431129.573567 queries/q4_8a122.sql 3.9106180667877197
24 6 1732431136.695195 queries/q14_6a349.sql 7.121222019195557
24 7 1732431141.635144 queries/q1_8a463.sql 4.939514875411987
24 8 1732431143.3830981 queries/q1_8a463.sql 1.7478642463684082
24 9 1732431149.318615 queries/q4_8a122.sql 5.9353930950164795
25 0 1732431155.7180412 queries/q40_2a8120.sql 6.39930534362793
25 1 1732431161.561364 queries/q40_2a8120.sql 5.843247175216675
25 2 1732431161.780328 queries/q20_24b.sql 0.21887421607971191
25 3 1732431167.747211 queries/q17_7a164.sql 5.9668169021606445
25 4 1732431172.887774 queries/q40_2a8120.sql 5.14045524597168
25 5 1732431174.928531 queries/q3_7a99.sql 2.0406768321990967
25 6 1732431183.951273 queries/q36_7a136.sql 9.0226731300354
25 7 1732431190.24409 queries/q4_8a122.sql 6.292740821838379
25 8 1732431201.2812538 queries/q36_7a136.sql 11.037081003189087
25 9 1732431208.906215 queries/q14_6a349.sql 7.624851942062378
26 0 1732431215.105247 queries/q40_2a8120.sql 6.1989381313323975
26 1 1732431219.597812 queries/q1_8a463.sql 4.492478370666504
26 2 1732431229.344736 queries/q36_7a136.sql 9.746843814849854
26 3 1732431236.139869 queries/q4_8a122.sql 6.795024871826172
26 4 1732431243.97187 queries/q17_7a164.sql 7.83185887336731
26 5 1732431251.326931 queries/q17_7a164.sql 7.354862213134766
26 6 1732431258.807976 queries/q17_7a164.sql 7.480954170227051
26 7 1732431260.803833 queries/q28_13a.sql 1.9957458972930908
26 8 1732431267.281748 queries/q1_8a463.sql 6.477842092514038
26 9 1732431277.561656 queries/q36_7a136.sql 10.27983021736145
27 0 1732431280.195036 queries/q3_7a99.sql 2.633291006088257
27 1 1732431286.438466 queries/q1_8a463.sql 6.24334716796875
27 2 1732431295.73794 queries/q36_7a136.sql 9.299368143081665
27 3 1732431301.289535 queries/q1_8a463.sql 5.551465034484863
27 4 1732431323.524312 queries/q26_2a274.sql 22.234514236450195
27 5 1732431333.000714 queries/q4_8a122.sql 9.476046085357666
27 6 1732431343.235866 queries/q40_2a8120.sql 10.235028982162476
27 7 1732431352.8083682 queries/q14_6a349.sql 9.572288990020752
27 8 1732431371.05507 queries/q26_2a274.sql 18.246349096298218
27 9 1732431376.564378 queries/q1_8a463.sql 5.50917387008667
28 0 1732431384.0842109 queries/q14_6a349.sql 7.51968789100647
28 1 1732431386.5064042 queries/q3_7a99.sql 2.4220499992370605
28 2 1732431397.178856 queries/q36_7a136.sql 10.672354936599731
28 3 1732431403.976513 queries/q1_8a463.sql 6.797542095184326
28 4 1732431406.180157 queries/q3_7a99.sql 2.203555107116699
28 5 1732431408.12894 queries/q28_13a.sql 1.9486908912658691
28 6 1732431425.037348 queries/q26_2a274.sql 16.908323049545288
28 7 1732431431.274594 queries/q14_6a349.sql 6.237159013748169
28 8 1732431438.7135732 queries/q14_6a349.sql 7.438844919204712
28 9 1732431445.7995698 queries/q40_2a8120.sql 7.085824012756348
29 0 1732431452.451756 queries/q4_8a122.sql 6.652055025100708
29 1 1732431454.459553 queries/q28_13a.sql 2.0077030658721924
29 2 1732431463.489693 queries/q40_2a8120.sql 9.030041217803955
29 3 1732431464.6572852 queries/q28_13a.sql 1.167510986328125
29 4 1732431472.6868858 queries/q17_7a164.sql 8.029501914978027
29 5 1732431481.024996 queries/q17_7a164.sql 8.33800983428955
29 6 1732431481.2675269 queries/q20_24b.sql 0.24244928359985352
29 7 1732431488.5640981 queries/q40_2a8120.sql 7.296513080596924
29 8 1732431490.8673549 queries/q3_7a99.sql 2.303170919418335
29 9 1732431499.0717719 queries/q40_2a8120.sql 8.204345226287842
30 0 1732431506.0755332 queries/q40_2a8120.sql 7.003644943237305
30 1 1732431512.526797 queries/q1_8a463.sql 6.4511878490448
30 2 1732431515.165344 queries/q1_8a463.sql 2.638449192047119
30 3 1732431524.591352 queries/q17_7a164.sql 9.425688028335571
30 4 1732431526.8939059 queries/q3_7a99.sql 2.302140235900879
30 5 1732431535.418354 queries/q40_2a8120.sql 8.524371147155762
30 6 1732431559.676556 queries/q26_2a274.sql 24.25810408592224
30 7 1732431570.520608 queries/q36_7a136.sql 10.843968152999878
30 8 1732431579.843526 queries/q17_7a164.sql 9.322723865509033
30 9 1732431587.715762 queries/q4_8a122.sql 7.87194299697876
31 0 1732431596.555639 queries/q40_2a8120.sql 8.839743852615356
31 1 1732431602.9015832 queries/q4_8a122.sql 6.3458778858184814
31 2 1732431610.267294 queries/q40_2a8120.sql 7.365612983703613
31 3 1732431617.1507268 queries/q40_2a8120.sql 6.883345127105713
31 4 1732431624.807839 queries/q14_6a349.sql 7.657030820846558
31 5 1732431627.265975 queries/q3_7a99.sql 2.458026885986328
31 6 1732431627.471617 queries/q20_24b.sql 0.20557808876037598
31 7 1732431633.727186 queries/q4_8a122.sql 6.255504846572876
31 8 1732431642.445073 queries/q40_2a8120.sql 8.717792749404907
31 9 1732431649.314215 queries/q40_2a8120.sql 6.8690712451934814
32 0 1732431656.223338 queries/q40_2a8120.sql 6.908989906311035
32 1 1732431662.557537 queries/q1_8a463.sql 6.333863973617554
32 2 1732431665.0292292 queries/q3_7a99.sql 2.4712419509887695
32 3 1732431673.4523299 queries/q17_7a164.sql 8.422973871231079
32 4 1732431680.30638 queries/q40_2a8120.sql 6.853980779647827
32 5 1732431686.245366 queries/q40_2a8120.sql 5.938775062561035
32 6 1732431690.908551 queries/q1_8a463.sql 4.663095951080322
32 7 1732431697.1729898 queries/q40_2a8120.sql 6.26436710357666
32 8 1732431718.5223339 queries/q26_2a274.sql 21.349246978759766
32 9 1732431718.880466 queries/q20_24b.sql 0.35799098014831543
33 0 1732431721.014905 queries/q3_7a99.sql 2.134376049041748
33 1 1732431728.210741 queries/q1_8a463.sql 7.195717811584473
33 2 1732431736.032755 queries/q14_6a349.sql 7.821851968765259
33 3 1732431742.9735968 queries/q17_7a164.sql 6.940709829330444
33 4 1732431743.222056 queries/q20_24b.sql 0.24834322929382324
33 5 1732431750.6859782 queries/q40_2a8120.sql 7.463885068893433
33 6 1732431756.686593 queries/q4_8a122.sql 6.000550031661987
33 7 1732431762.420243 queries/q1_8a463.sql 5.733551979064941
33 8 1732431771.8858418 queries/q36_7a136.sql 9.465513944625854
33 9 1732431772.149869 queries/q20_24b.sql 0.2639470100402832
34 0 1732431778.810524 queries/q4_8a122.sql 6.6606059074401855
34 1 1732431780.3724558 queries/q28_13a.sql 1.561837911605835
34 2 1732431786.0293849 queries/q4_8a122.sql 5.6568450927734375
34 3 1732431794.1088362 queries/q17_7a164.sql 8.079352855682373
34 4 1732431799.6022248 queries/q4_8a122.sql 5.49330997467041
34 5 1732431807.3209338 queries/q17_7a164.sql 7.7186150550842285
34 6 1732431813.2523599 queries/q4_8a122.sql 5.9313459396362305
34 7 1732431819.488966 queries/q1_8a463.sql 6.236521005630493
34 8 1732431827.3536189 queries/q17_7a164.sql 7.8646087646484375
34 9 1732431849.033667 queries/q26_2a274.sql 21.679964065551758
35 0 1732431851.155891 queries/q3_7a99.sql 2.1220791339874268
35 1 1732431851.3702168 queries/q20_24b.sql 0.2142641544342041
35 2 1732431861.5695739 queries/q36_7a136.sql 10.199317932128906
35 3 1732431863.6344872 queries/q28_13a.sql 2.0648131370544434
35 4 1732431863.8379798 queries/q20_24b.sql 0.20344901084899902
35 5 1732431864.803465 queries/q28_13a.sql 0.9654498100280762
35 6 1732431871.196365 queries/q1_8a463.sql 6.392827749252319
35 7 1732431873.4346602 queries/q3_7a99.sql 2.238222122192383
35 8 1732431881.7979121 queries/q14_6a349.sql 8.363176345825195
35 9 1732431887.588341 queries/q4_8a122.sql 5.790334939956665
36 0 1732431889.3725598 queries/q28_13a.sql 1.7841110229492188
36 1 1732431891.445417 queries/q3_7a99.sql 2.072767972946167
36 2 1732431893.011106 queries/q3_7a99.sql 1.565608024597168
36 3 1732431903.43431 queries/q36_7a136.sql 10.423077821731567
36 4 1732431903.710277 queries/q20_24b.sql 0.2758488655090332
36 5 1732431911.34092 queries/q14_6a349.sql 7.630602121353149
36 6 1732431921.731571 queries/q36_7a136.sql 10.390600204467773
36 7 1732431922.000767 queries/q20_24b.sql 0.26909589767456055
36 8 1732431922.168659 queries/q20_24b.sql 0.1678471565246582
36 9 1732431929.048225 queries/q40_2a8120.sql 6.879525184631348
37 0 1732431931.5289018 queries/q3_7a99.sql 2.4805908203125
37 1 1732431931.783498 queries/q20_24b.sql 0.2545590400695801
37 2 1732431931.94986 queries/q20_24b.sql 0.16633391380310059
37 3 1732431958.6645608 queries/q26_2a274.sql 26.714569807052612
37 4 1732431995.502174 queries/q26_2a274.sql 36.83640503883362
37 5 1732432005.968781 queries/q1_8a463.sql 10.466157913208008
37 6 1732432015.934408 queries/q17_7a164.sql 9.965520143508911
37 7 1732432044.007309 queries/q26_2a274.sql 28.072782039642334
37 8 1732432056.3559868 queries/q4_8a122.sql 12.348453044891357
37 9 1732432069.2810209 queries/q36_7a136.sql 12.924880981445312
38 0 1732432077.810654 queries/q4_8a122.sql 8.529527187347412
38 1 1732432089.6575758 queries/q36_7a136.sql 11.846851110458374
38 2 1732432089.916312 queries/q20_24b.sql 0.25867223739624023
38 3 1732432092.5394728 queries/q28_13a.sql 2.6230978965759277
38 4 1732432100.534601 queries/q14_6a349.sql 7.995058059692383
38 5 1732432106.3023849 queries/q1_8a463.sql 5.767617702484131
38 6 1732432125.275105 queries/q26_2a274.sql 18.972522020339966
38 7 1732432126.6111581 queries/q28_13a.sql 1.3359439373016357
38 8 1732432137.189893 queries/q36_7a136.sql 10.578646898269653
38 9 1732432157.160418 queries/q26_2a274.sql 19.970453023910522
39 0 1732432167.7405372 queries/q26_2a274.sql 10.580035924911499
39 1 1732432174.5258722 queries/q1_8a463.sql 6.785263776779175
39 2 1732432184.9318058 queries/q26_2a274.sql 10.405844926834106
39 3 1732432190.648521 queries/q4_8a122.sql 5.716624975204468
39 4 1732432192.6151738 queries/q3_7a99.sql 1.9665441513061523
39 5 1732432201.54971 queries/q17_7a164.sql 8.93444299697876
39 6 1732432208.456706 queries/q14_6a349.sql 6.906904220581055
39 7 1732432210.518772 queries/q28_13a.sql 2.061972141265869
39 8 1732432218.5623958 queries/q36_7a136.sql 8.04355001449585
39 9 1732432219.216241 queries/q20_24b.sql 0.6537778377532959
40 0 1732432225.389524 queries/q40_2a8120.sql 6.173214912414551
40 1 1732432227.938847 queries/q3_7a99.sql 2.54925799369812
40 2 1732432237.093633 queries/q36_7a136.sql 9.154497146606445
40 3 1732432242.919371 queries/q1_8a463.sql 5.82536768913269
40 4 1732432249.737342 queries/q17_7a164.sql 6.817901134490967
40 5 1732432256.0650492 queries/q14_6a349.sql 6.327616930007935
40 6 1732432260.8072588 queries/q1_8a463.sql 4.742091178894043
40 7 1732432276.35666 queries/q26_2a274.sql 15.549280166625977
40 8 1732432283.022597 queries/q40_2a8120.sql 6.665848016738892
40 9 1732432288.115802 queries/q14_6a349.sql 5.093112945556641
41 0 1732432305.450471 queries/q26_2a274.sql 17.33455514907837
41 1 1732432314.433126 queries/q36_7a136.sql 8.982581853866577
41 2 1732432320.334594 queries/q17_7a164.sql 5.901365041732788
41 3 1732432329.755643 queries/q36_7a136.sql 9.42097520828247
41 4 1732432349.776664 queries/q26_2a274.sql 20.0209801197052
41 5 1732432359.242025 queries/q1_8a463.sql 9.464884042739868
41 6 1732432370.783051 queries/q36_7a136.sql 11.540458917617798
41 7 1732432378.8363788 queries/q14_6a349.sql 8.053199768066406
41 8 1732432381.497675 queries/q3_7a99.sql 2.6611521244049072
41 9 1732432383.1033332 queries/q3_7a99.sql 1.6055941581726074
42 0 1732432390.521642 queries/q17_7a164.sql 7.418212175369263
42 1 1732432411.076237 queries/q26_2a274.sql 20.554483890533447
42 2 1732432419.72895 queries/q17_7a164.sql 8.65264105796814
42 3 1732432426.544947 queries/q4_8a122.sql 6.815914154052734
42 4 1732432428.34656 queries/q28_13a.sql 1.8015060424804688
42 5 1732432436.6421802 queries/q14_6a349.sql 8.295530080795288
42 6 1732432442.409748 queries/q1_8a463.sql 5.767470121383667
42 7 1732432447.669178 queries/q40_2a8120.sql 5.259335041046143
42 8 1732432466.6934578 queries/q26_2a274.sql 19.024066925048828
42 9 1732432473.276352 queries/q40_2a8120.sql 6.582653999328613
43 0 1732432482.948648 queries/q36_7a136.sql 9.672180891036987
43 1 1732432490.017987 queries/q4_8a122.sql 7.0692479610443115
43 2 1732432492.662957 queries/q28_13a.sql 2.6448771953582764
43 3 1732432498.117196 queries/q4_8a122.sql 5.454156875610352
43 4 1732432505.579145 queries/q40_2a8120.sql 7.4618470668792725
43 5 1732432514.588586 queries/q36_7a136.sql 9.009356021881104
43 6 1732432517.505902 queries/q3_7a99.sql 2.917227029800415
43 7 1732432520.0355809 queries/q28_13a.sql 2.5296080112457275
43 8 1732432527.375075 queries/q40_2a8120.sql 7.3394036293029785
43 9 1732432528.682455 queries/q28_13a.sql 1.3073019981384277
44 0 1732432534.9711318 queries/q40_2a8120.sql 6.288583755493164
44 1 1732432537.083553 queries/q3_7a99.sql 2.112344980239868
44 2 1732432554.00861 queries/q26_2a274.sql 16.924943208694458
44 3 1732432557.7094111 queries/q1_8a463.sql 3.700679063796997
44 4 1732432559.0385568 queries/q1_8a463.sql 1.3290629386901855
44 5 1732432568.070524 queries/q36_7a136.sql 9.03187108039856
44 6 1732432570.366196 queries/q3_7a99.sql 2.295600175857544
44 7 1732432572.133203 queries/q28_13a.sql 1.7669239044189453
44 8 1732432582.836226 queries/q36_7a136.sql 10.702944040298462
44 9 1732432588.894283 queries/q1_8a463.sql 6.057980060577393
45 0 1732432595.7782972 queries/q14_6a349.sql 6.883899211883545
45 1 1732432601.0957959 queries/q1_8a463.sql 5.3174049854278564
45 2 1732432602.732373 queries/q1_8a463.sql 1.6364872455596924
45 3 1732432602.951638 queries/q20_24b.sql 0.21918487548828125
45 4 1732432604.973734 queries/q28_13a.sql 2.0220611095428467
45 5 1732432611.766479 queries/q17_7a164.sql 6.792651176452637
45 6 1732432617.109731 queries/q1_8a463.sql 5.343170881271362
45 7 1732432625.193792 queries/q36_7a136.sql 8.083974123001099
45 8 1732432628.006909 queries/q3_7a99.sql 2.813033103942871
45 9 1732432633.9107819 queries/q14_6a349.sql 5.903807878494263
46 0 1732432650.836433 queries/q26_2a274.sql 16.925578117370605
46 1 1732432653.2713869 queries/q28_13a.sql 2.4348790645599365
46 2 1732432671.7485042 queries/q26_2a274.sql 18.477027893066406
46 3 1732432677.2337449 queries/q1_8a463.sql 5.485144853591919
46 4 1732432694.570389 queries/q26_2a274.sql 17.33654808998108
46 5 1732432700.974731 queries/q4_8a122.sql 6.40425705909729
46 6 1732432702.74301 queries/q28_13a.sql 1.7681381702423096
46 7 1732432713.184116 queries/q36_7a136.sql 10.441005229949951
46 8 1732432719.551487 queries/q40_2a8120.sql 6.367294073104858
46 9 1732432721.6691358 queries/q3_7a99.sql 2.117570161819458
47 0 1732432721.9052958 queries/q20_24b.sql 0.23608016967773438
47 1 1732432728.191318 queries/q14_6a349.sql 6.285792827606201
47 2 1732432728.473901 queries/q20_24b.sql 0.28214287757873535
47 3 1732432730.789351 queries/q3_7a99.sql 2.315404176712036
47 4 1732432736.908958 queries/q40_2a8120.sql 6.1195409297943115
47 5 1732432741.863769 queries/q4_8a122.sql 4.954725980758667
47 6 1732432762.196907 queries/q26_2a274.sql 20.3330340385437
47 7 1732432764.141044 queries/q3_7a99.sql 1.9440457820892334
47 8 1732432765.579592 queries/q28_13a.sql 1.4384620189666748
47 9 1732432775.500833 queries/q36_7a136.sql 9.921162128448486
48 0 1732432781.514747 queries/q1_8a463.sql 6.013798713684082
48 1 1732432783.572696 queries/q1_8a463.sql 2.057861089706421
48 2 1732432801.918371 queries/q26_2a274.sql 18.345587968826294
48 3 1732432810.3907242 queries/q14_6a349.sql 8.472256898880005
48 4 1732432810.622468 queries/q20_24b.sql 0.2316601276397705
48 5 1732432820.177283 queries/q36_7a136.sql 9.554773092269897
48 6 1732432843.277071 queries/q26_2a274.sql 23.09949278831482
48 7 1732432852.5189078 queries/q17_7a164.sql 9.241466999053955
48 8 1732432872.0631611 queries/q26_2a274.sql 19.544142723083496
48 9 1732432880.3356311 queries/q17_7a164.sql 8.272393941879272
