Read 10 queries.
Using Bao: False
0 0 1732421033.592257 queries/q1_8a463.sql 8.6022629737854
0 1 1732421038.202365 queries/q28_13a.sql 4.609593868255615
0 2 1732421043.388011 queries/q14_6a349.sql 5.185544013977051
0 3 1732421062.749008 queries/q17_7a164.sql 19.3609037399292
0 4 1732421076.34781 queries/q36_7a136.sql 13.598703145980835
0 5 1732421079.696883 queries/q28_13a.sql 3.348985195159912
0 6 1732421082.6636338 queries/q1_8a463.sql 2.9666919708251953
0 7 1732421085.5750132 queries/q28_13a.sql 2.9113192558288574
0 8 1732421101.219838 queries/q40_2a8120.sql 15.644546031951904
0 9 1732421104.9465868 queries/q14_6a349.sql 3.726327657699585
1 0 1732421120.0486789 queries/q40_2a8120.sql 15.101956129074097
1 1 1732421131.4347808 queries/q36_7a136.sql 11.385977268218994
1 2 1732421131.547503 queries/q20_24b.sql 0.11261701583862305
1 3 1732421138.787192 queries/q17_7a164.sql 7.239591121673584
1 4 1732421146.1673422 queries/q4_8a122.sql 7.3799989223480225
1 5 1732421146.25651 queries/q20_24b.sql 0.08900594711303711
1 6 1732421149.381265 queries/q14_6a349.sql 3.1246659755706787
1 7 1732421150.708103 queries/q14_6a349.sql 1.3267550468444824
1 8 1732421163.422204 queries/q40_2a8120.sql 12.71400499343872
1 9 1732421176.176904 queries/q36_7a136.sql 12.754469871520996
2 0 1732421190.605702 queries/q40_2a8120.sql 14.428392887115479
2 1 1732421193.131625 queries/q3_7a99.sql 2.525775909423828
2 2 1732421196.757974 queries/q28_13a.sql 3.626235246658325
2 3 1732421204.4620569 queries/q4_8a122.sql 7.703938007354736
2 4 1732421204.560586 queries/q20_24b.sql 0.09840607643127441
2 5 1732421207.357443 queries/q28_13a.sql 2.796771764755249
2 6 1732421222.009671 queries/q40_2a8120.sql 14.652117013931274
2 7 1732421233.010773 queries/q36_7a136.sql 11.000993013381958
2 8 1732421247.289172 queries/q40_2a8120.sql 14.278293132781982
2 9 1732421250.1955268 queries/q28_13a.sql 2.9062700271606445
3 0 1732421253.15607 queries/q3_7a99.sql 2.9603750705718994
3 1 1732421256.089482 queries/q14_6a349.sql 2.933336019515991
3 2 1732421259.1419342 queries/q1_8a463.sql 3.0523531436920166
3 3 1732421259.8658078 queries/q1_8a463.sql 0.72377610206604
3 4 1732421262.6173398 queries/q14_6a349.sql 2.751461982727051
3 5 1732421264.318361 queries/q1_8a463.sql 1.7009432315826416
3 6 1732421273.621322 queries/q17_7a164.sql 9.30287480354309
3 7 1732421274.985794 queries/q1_8a463.sql 1.3643710613250732
3 8 1732421285.88178 queries/q36_7a136.sql 10.895865201950073
3 9 1732421285.985936 queries/q20_24b.sql 0.10406899452209473
4 0 1732421286.04262 queries/q20_24b.sql 0.05657482147216797
4 1 1732421287.263108 queries/q1_8a463.sql 1.2203919887542725
4 2 1732421287.603103 queries/q1_8a463.sql 0.3398888111114502
4 3 1732421294.0932539 queries/q4_8a122.sql 6.490048170089722
4 4 1732421303.078723 queries/q36_7a136.sql 8.985367059707642
4 5 1732421311.713428 queries/q36_7a136.sql 8.634596109390259
4 6 1732421318.126615 queries/q17_7a164.sql 6.413084268569946
4 7 1732421320.163954 queries/q3_7a99.sql 2.037247896194458
4 8 1732421325.133033 queries/q17_7a164.sql 4.9690070152282715
4 9 1732421325.233015 queries/q20_24b.sql 0.09988713264465332
5 0 1732421331.461956 queries/q4_8a122.sql 6.2288312911987305
5 1 1732421339.5306392 queries/q36_7a136.sql 8.068553924560547
5 2 1732421342.933595 queries/q28_13a.sql 3.402824878692627
5 3 1732421350.836822 queries/q36_7a136.sql 7.90313196182251
5 4 1732421361.263201 queries/q40_2a8120.sql 10.426252126693726
5 5 1732421363.249289 queries/q3_7a99.sql 1.985936164855957
5 6 1732421364.3969522 queries/q1_8a463.sql 1.1475729942321777
5 7 1732421366.86362 queries/q14_6a349.sql 2.46657395362854
5 8 1732421366.941268 queries/q20_24b.sql 0.07756996154785156
5 9 1732421367.5337942 queries/q1_8a463.sql 0.5924279689788818
6 0 1732421367.900394 queries/q1_8a463.sql 0.36649012565612793
6 1 1732421373.617561 queries/q4_8a122.sql 5.717069149017334
6 2 1732421383.709864 queries/q40_2a8120.sql 10.09220576286316
6 3 1732421383.7851222 queries/q20_24b.sql 0.07516813278198242
6 4 1732421391.855283 queries/q36_7a136.sql 8.070088863372803
6 5 1732421391.9352121 queries/q20_24b.sql 0.079833984375
6 6 1732421397.723449 queries/q4_8a122.sql 5.788141965866089
6 7 1732421425.47554 queries/q26_2a274.sql 27.751962184906006
6 8 1732421427.675688 queries/q1_8a463.sql 2.200035810470581
6 9 1732421428.034438 queries/q1_8a463.sql 0.35865092277526855
7 0 1732421429.520604 queries/q28_13a.sql 1.4860589504241943
7 1 1732421430.105525 queries/q1_8a463.sql 0.5848209857940674
7 2 1732421430.840489 queries/q28_13a.sql 0.7348730564117432
7 3 1732421440.510654 queries/q40_2a8120.sql 9.670055866241455
7 4 1732421440.585216 queries/q20_24b.sql 0.07446694374084473
7 5 1732421441.742739 queries/q1_8a463.sql 1.1574530601501465
7 6 1732421447.201895 queries/q4_8a122.sql 5.459076881408691
7 7 1732421448.1629481 queries/q28_13a.sql 0.9609630107879639
7 8 1732421450.618252 queries/q14_6a349.sql 2.4552299976348877
7 9 1732421451.853219 queries/q14_6a349.sql 1.2348899841308594
8 0 1732421457.027637 queries/q17_7a164.sql 5.1743409633636475
8 1 1732421465.0037708 queries/q36_7a136.sql 7.976038932800293
8 2 1732421466.923263 queries/q3_7a99.sql 1.919400930404663
8 3 1732421491.488957 queries/q26_2a274.sql 24.565596103668213
8 4 1732421494.012609 queries/q14_6a349.sql 2.5234501361846924
8 5 1732421494.125369 queries/q20_24b.sql 0.1126711368560791
8 6 1732421501.559687 queries/q4_8a122.sql 7.4342122077941895
8 7 1732421502.898983 queries/q28_13a.sql 1.3392198085784912
8 8 1732421509.313826 queries/q4_8a122.sql 6.414781332015991
8 9 1732421520.519331 queries/q40_2a8120.sql 11.205406904220581
9 0 1732421523.045099 queries/q14_6a349.sql 2.525625705718994
9 1 1732421525.091845 queries/q3_7a99.sql 2.0466859340667725
9 2 1732421534.085213 queries/q36_7a136.sql 8.993300914764404
9 3 1732421535.4701061 queries/q28_13a.sql 1.384795904159546
9 4 1732421537.683765 queries/q1_8a463.sql 2.2135818004608154
9 5 1732421544.9007711 queries/q36_7a136.sql 7.216922760009766
9 6 1732421550.4807758 queries/q17_7a164.sql 5.5799078941345215
9 7 1732421572.8722382 queries/q26_2a274.sql 22.391337156295776
9 8 1732421587.091427 queries/q26_2a274.sql 14.219067096710205
9 9 1732421593.692346 queries/q4_8a122.sql 6.600766897201538
10 0 1732421602.360865 queries/q40_2a8120.sql 8.668411016464233
10 1 1732421604.7742238 queries/q1_8a463.sql 2.413292169570923
10 2 1732421606.24895 queries/q28_13a.sql 1.4746270179748535
10 3 1732421611.468382 queries/q17_7a164.sql 5.219351053237915
10 4 1732421616.754787 queries/q4_8a122.sql 5.286313056945801
10 5 1732421622.953815 queries/q40_2a8120.sql 6.198951005935669
10 6 1732421624.124856 queries/q1_8a463.sql 1.1709282398223877
10 7 1732421632.2695758 queries/q36_7a136.sql 8.144618034362793
10 8 1732421639.274868 queries/q36_7a136.sql 7.005182981491089
10 9 1732421643.84271 queries/q17_7a164.sql 4.567746162414551
11 0 1732421645.9347808 queries/q3_7a99.sql 2.0919559001922607
11 1 1732421647.721537 queries/q28_13a.sql 1.786674976348877
11 2 1732421649.771281 queries/q3_7a99.sql 2.0496442317962646
11 3 1732421650.4611032 queries/q28_13a.sql 0.6897010803222656
11 4 1732421652.756581 queries/q14_6a349.sql 2.295379877090454
11 5 1732421652.837177 queries/q20_24b.sql 0.08053398132324219
11 6 1732421654.152927 queries/q14_6a349.sql 1.3156979084014893
11 7 1732421660.302358 queries/q4_8a122.sql 6.149348974227905
11 8 1732421669.062113 queries/q40_2a8120.sql 8.759655952453613
11 9 1732421677.044446 queries/q40_2a8120.sql 7.982249975204468
12 0 1732421677.12235 queries/q20_24b.sql 0.07780218124389648
12 1 1732421679.271093 queries/q14_6a349.sql 2.148674964904785
12 2 1732421687.736438 queries/q40_2a8120.sql 8.465270042419434
12 3 1732421693.172301 queries/q4_8a122.sql 5.435766220092773
12 4 1732421695.5100532 queries/q14_6a349.sql 2.3376612663269043
12 5 1732421723.579108 queries/q26_2a274.sql 28.068981885910034
12 6 1732421725.963418 queries/q14_6a349.sql 2.384187936782837
12 7 1732421727.987937 queries/q3_7a99.sql 2.0244438648223877
12 8 1732421729.544769 queries/q3_7a99.sql 1.5567669868469238
12 9 1732421735.294847 queries/q17_7a164.sql 5.74985408782959
13 0 1732421756.760897 queries/q26_2a274.sql 21.4656879901886
13 1 1732421758.295052 queries/q28_13a.sql 1.5340569019317627
13 2 1732421760.73806 queries/q1_8a463.sql 2.4429121017456055
13 3 1732421769.4387982 queries/q40_2a8120.sql 8.700638771057129
13 4 1732421784.575464 queries/q26_2a274.sql 15.136564016342163
13 5 1732421787.065998 queries/q1_8a463.sql 2.490332841873169
13 6 1732421788.184575 queries/q28_13a.sql 1.1184821128845215
13 7 1732421790.176806 queries/q3_7a99.sql 1.9921379089355469
13 8 1732421792.238736 queries/q1_8a463.sql 2.0618460178375244
13 9 1732421792.3062232 queries/q20_24b.sql 0.06738710403442383
14 0 1732421798.312973 queries/q4_8a122.sql 6.006643295288086
14 1 1732421807.529443 queries/q36_7a136.sql 9.21636700630188
14 2 1732421827.0449028 queries/q26_2a274.sql 19.51535415649414
14 3 1732421828.2765849 queries/q28_13a.sql 1.2316007614135742
14 4 1732421834.148763 queries/q17_7a164.sql 5.872098684310913
14 5 1732421836.092061 queries/q1_8a463.sql 1.9431791305541992
14 6 1732421836.1656132 queries/q20_24b.sql 0.07345318794250488
14 7 1732421837.282069 queries/q28_13a.sql 1.1163358688354492
14 8 1732421838.338256 queries/q1_8a463.sql 1.056112289428711
14 9 1732421838.672853 queries/q1_8a463.sql 0.3345160484313965
15 0 1732421841.199008 queries/q14_6a349.sql 2.5260508060455322
15 1 1732421849.278072 queries/q36_7a136.sql 8.078992128372192
15 2 1732421850.335201 queries/q1_8a463.sql 1.0570356845855713
15 3 1732421855.923629 queries/q4_8a122.sql 5.588350296020508
15 4 1732421863.9505332 queries/q40_2a8120.sql 8.02680778503418
15 5 1732421866.315231 queries/q14_6a349.sql 2.3646080493927
15 6 1732421867.279698 queries/q1_8a463.sql 0.9643940925598145
15 7 1732421874.246507 queries/q36_7a136.sql 6.966713190078735
15 8 1732421875.405791 queries/q1_8a463.sql 1.1591908931732178
15 9 1732421879.895544 queries/q17_7a164.sql 4.489651203155518
16 0 1732421885.58929 queries/q4_8a122.sql 5.693641901016235
16 1 1732421887.050038 queries/q28_13a.sql 1.4606420993804932
16 2 1732421912.9340641 queries/q26_2a274.sql 25.883882999420166
16 3 1732421914.9935381 queries/q3_7a99.sql 2.0593512058258057
16 4 1732421923.5057201 queries/q40_2a8120.sql 8.512083053588867
16 5 1732421929.663784 queries/q17_7a164.sql 6.157864809036255
16 6 1732421932.383181 queries/q14_6a349.sql 2.719193935394287
16 7 1732421963.366365 queries/q26_2a274.sql 30.983109951019287
16 8 1732421986.196011 queries/q26_2a274.sql 22.829489946365356
16 9 1732422003.8130429 queries/q26_2a274.sql 17.616887092590332
17 0 1732422007.115294 queries/q3_7a99.sql 3.302067995071411
17 1 1732422016.130442 queries/q36_7a136.sql 9.015096187591553
17 2 1732422023.6976798 queries/q4_8a122.sql 7.566936016082764
17 3 1732422026.377825 queries/q14_6a349.sql 2.6797380447387695
17 4 1732422051.385565 queries/q26_2a274.sql 25.00759196281433
17 5 1732422051.591609 queries/q20_24b.sql 0.20595502853393555
17 6 1732422062.4095428 queries/q40_2a8120.sql 10.817852973937988
17 7 1732422065.059021 queries/q1_8a463.sql 2.6493608951568604
17 8 1732422069.705146 queries/q17_7a164.sql 4.645964860916138
17 9 1732422090.034293 queries/q26_2a274.sql 20.329017162322998
18 0 1732422102.815674 queries/q26_2a274.sql 12.78119683265686
18 1 1732422105.598887 queries/q1_8a463.sql 2.7830450534820557
18 2 1732422105.988343 queries/q1_8a463.sql 0.3893721103668213
18 3 1732422112.738635 queries/q4_8a122.sql 6.750154972076416
18 4 1732422125.873278 queries/q26_2a274.sql 13.134544849395752
18 5 1732422134.0114932 queries/q40_2a8120.sql 8.138066053390503
18 6 1732422135.826006 queries/q28_13a.sql 1.814391851425171
18 7 1732422138.2144718 queries/q14_6a349.sql 2.3883981704711914
18 8 1732422144.761255 queries/q4_8a122.sql 6.546734094619751
18 9 1732422152.032208 queries/q40_2a8120.sql 7.270846843719482
19 0 1732422157.558669 queries/q4_8a122.sql 5.526247978210449
19 1 1732422161.150816 queries/q4_8a122.sql 3.5920491218566895
19 2 1732422168.02218 queries/q40_2a8120.sql 6.871276140213013
19 3 1732422173.71903 queries/q17_7a164.sql 5.696779012680054
19 4 1732422197.944108 queries/q26_2a274.sql 24.224968910217285
19 5 1732422200.0092428 queries/q1_8a463.sql 2.0649821758270264
19 6 1732422215.395006 queries/q26_2a274.sql 15.385663032531738
19 7 1732422218.4774778 queries/q14_6a349.sql 3.0823709964752197
19 8 1732422218.593952 queries/q20_24b.sql 0.11639690399169922
19 9 1732422226.0292768 queries/q4_8a122.sql 7.435226202011108
20 0 1732422228.128685 queries/q1_8a463.sql 2.0993199348449707
20 1 1732422230.0950541 queries/q3_7a99.sql 1.9662740230560303
20 2 1732422250.055439 queries/q26_2a274.sql 19.96029305458069
20 3 1732422263.710322 queries/q26_2a274.sql 13.654727220535278
20 4 1732422270.20463 queries/q4_8a122.sql 6.494105100631714
20 5 1732422274.0401752 queries/q4_8a122.sql 3.8354477882385254
20 6 1732422275.1355 queries/q28_13a.sql 1.0952389240264893
20 7 1732422277.185358 queries/q3_7a99.sql 2.049787759780884
20 8 1732422284.2245939 queries/q17_7a164.sql 7.039161682128906
20 9 1732422285.4507751 queries/q1_8a463.sql 1.2260839939117432
21 0 1732422289.8941739 queries/q4_8a122.sql 4.443222999572754
21 1 1732422291.0300128 queries/q28_13a.sql 1.1356961727142334
21 2 1732422291.660334 queries/q28_13a.sql 0.6302320957183838
21 3 1732422293.552577 queries/q3_7a99.sql 1.8921711444854736
21 4 1732422295.7920341 queries/q14_6a349.sql 2.239392042160034
21 5 1732422296.736684 queries/q28_13a.sql 0.9445760250091553
21 6 1732422297.374047 queries/q28_13a.sql 0.6372909545898438
21 7 1732422306.169506 queries/q40_2a8120.sql 8.795350074768066
21 8 1732422309.916319 queries/q17_7a164.sql 3.746711015701294
21 9 1732422315.738921 queries/q4_8a122.sql 5.822504997253418
22 0 1732422318.091487 queries/q14_6a349.sql 2.352468967437744
22 1 1732422321.85116 queries/q17_7a164.sql 3.759610176086426
22 2 1732422323.5600178 queries/q28_13a.sql 1.708648920059204
22 3 1732422331.630246 queries/q36_7a136.sql 8.070128917694092
22 4 1732422333.153553 queries/q1_8a463.sql 1.523212194442749
22 5 1732422336.6900759 queries/q17_7a164.sql 3.536430835723877
22 6 1732422343.8942258 queries/q40_2a8120.sql 7.204038143157959
22 7 1732422345.143469 queries/q1_8a463.sql 1.2491366863250732
22 8 1732422346.8016179 queries/q28_13a.sql 1.658064842224121
22 9 1732422354.310857 queries/q36_7a136.sql 7.509147882461548
23 0 1732422379.681309 queries/q26_2a274.sql 25.370311975479126
23 1 1732422380.986163 queries/q28_13a.sql 1.3047559261322021
23 2 1732422381.630773 queries/q28_13a.sql 0.6445057392120361
23 3 1732422388.37726 queries/q4_8a122.sql 6.746397972106934
23 4 1732422390.1985228 queries/q1_8a463.sql 1.8211610317230225
23 5 1732422392.1629581 queries/q3_7a99.sql 1.964339017868042
23 6 1732422392.8811479 queries/q1_8a463.sql 0.7181220054626465
23 7 1732422392.948889 queries/q20_24b.sql 0.06766414642333984
23 8 1732422400.6509 queries/q36_7a136.sql 7.701934099197388
23 9 1732422401.9644842 queries/q1_8a463.sql 1.3134877681732178
24 0 1732422402.032475 queries/q20_24b.sql 0.06784510612487793
24 1 1732422403.954617 queries/q3_7a99.sql 1.9219279289245605
24 2 1732422406.347574 queries/q14_6a349.sql 2.392873764038086
24 3 1732422428.300267 queries/q26_2a274.sql 21.952598571777344
24 4 1732422434.432215 queries/q4_8a122.sql 6.131861925125122
24 5 1732422439.44644 queries/q4_8a122.sql 5.014080047607422
24 6 1732422441.7822049 queries/q14_6a349.sql 2.3356170654296875
24 7 1732422444.151963 queries/q1_8a463.sql 2.3696577548980713
24 8 1732422444.53 queries/q1_8a463.sql 0.37790989875793457
24 9 1732422449.695853 queries/q4_8a122.sql 5.165747165679932
25 0 1732422458.7454 queries/q40_2a8120.sql 9.049385786056519
25 1 1732422465.839021 queries/q40_2a8120.sql 7.093525171279907
25 2 1732422465.9345999 queries/q20_24b.sql 0.09549164772033691
25 3 1732422470.7016268 queries/q17_7a164.sql 4.766885757446289
25 4 1732422476.391393 queries/q40_2a8120.sql 5.689669132232666
25 5 1732422478.295325 queries/q3_7a99.sql 1.903843879699707
25 6 1732422485.477822 queries/q36_7a136.sql 7.182444095611572
25 7 1732422490.895728 queries/q4_8a122.sql 5.417805194854736
25 8 1732422497.717642 queries/q36_7a136.sql 6.821812868118286
25 9 1732422500.174131 queries/q14_6a349.sql 2.456397771835327
26 0 1732422508.394282 queries/q40_2a8120.sql 8.220072984695435
26 1 1732422510.098349 queries/q1_8a463.sql 1.7039711475372314
26 2 1732422516.631592 queries/q36_7a136.sql 6.533141136169434
26 3 1732422522.016758 queries/q4_8a122.sql 5.385071039199829
26 4 1732422526.915381 queries/q17_7a164.sql 4.8985021114349365
26 5 1732422530.5358698 queries/q17_7a164.sql 3.620378255844116
26 6 1732422533.651705 queries/q17_7a164.sql 3.1157331466674805
26 7 1732422535.690339 queries/q28_13a.sql 2.0385098457336426
26 8 1732422537.233143 queries/q1_8a463.sql 1.54268479347229
26 9 1732422544.343814 queries/q36_7a136.sql 7.110589027404785
27 0 1732422546.488965 queries/q3_7a99.sql 2.145050287246704
27 1 1732422547.584567 queries/q1_8a463.sql 1.0955219268798828
27 2 1732422554.348979 queries/q36_7a136.sql 6.764331102371216
27 3 1732422555.68497 queries/q1_8a463.sql 1.3358991146087646
27 4 1732422580.020949 queries/q26_2a274.sql 24.335845232009888
27 5 1732422586.1161652 queries/q4_8a122.sql 6.095120906829834
27 6 1732422595.132231 queries/q40_2a8120.sql 9.015969038009644
27 7 1732422597.6150599 queries/q14_6a349.sql 2.4827308654785156
27 8 1732422617.5437288 queries/q26_2a274.sql 19.928568840026855
27 9 1732422619.852528 queries/q1_8a463.sql 2.3087029457092285
28 0 1732422622.1543198 queries/q14_6a349.sql 2.3017022609710693
28 1 1732422624.0983481 queries/q3_7a99.sql 1.9439589977264404
28 2 1732422631.570553 queries/q36_7a136.sql 7.472135066986084
28 3 1732422633.606863 queries/q1_8a463.sql 2.0362119674682617
28 4 1732422635.4216871 queries/q3_7a99.sql 1.8147311210632324
28 5 1732422636.565612 queries/q28_13a.sql 1.1438579559326172
28 6 1732422656.681731 queries/q26_2a274.sql 20.116013050079346
28 7 1732422659.05715 queries/q14_6a349.sql 2.3753151893615723
28 8 1732422660.355756 queries/q14_6a349.sql 1.2985410690307617
28 9 1732422670.259943 queries/q40_2a8120.sql 9.904112100601196
29 0 1732422676.4852202 queries/q4_8a122.sql 6.225165843963623
29 1 1732422677.53895 queries/q28_13a.sql 1.0536348819732666
29 2 1732422686.539603 queries/q40_2a8120.sql 9.000577926635742
29 3 1732422687.445819 queries/q28_13a.sql 0.9061160087585449
29 4 1732422692.839127 queries/q17_7a164.sql 5.393186807632446
29 5 1732422696.4619 queries/q17_7a164.sql 3.6226770877838135
29 6 1732422696.5415978 queries/q20_24b.sql 0.07960391044616699
29 7 1732422702.12372 queries/q40_2a8120.sql 5.582027196884155
29 8 1732422704.124974 queries/q3_7a99.sql 2.0011630058288574
29 9 1732422709.927744 queries/q40_2a8120.sql 5.802698850631714
30 0 1732422715.824065 queries/q40_2a8120.sql 5.896213054656982
30 1 1732422717.178828 queries/q1_8a463.sql 1.3546648025512695
30 2 1732422717.588866 queries/q1_8a463.sql 0.4099409580230713
30 3 1732422721.245852 queries/q17_7a164.sql 3.6568918228149414
30 4 1732422723.162552 queries/q3_7a99.sql 1.9166080951690674
30 5 1732422728.356902 queries/q40_2a8120.sql 5.1942737102508545
30 6 1732422751.8101451 queries/q26_2a274.sql 23.45314311981201
30 7 1732422759.047922 queries/q36_7a136.sql 7.237652063369751
30 8 1732422764.194323 queries/q17_7a164.sql 5.1463072299957275
30 9 1732422770.250228 queries/q4_8a122.sql 6.055791854858398
31 0 1732422777.2192152 queries/q40_2a8120.sql 6.968883991241455
31 1 1732422782.707629 queries/q4_8a122.sql 5.488306045532227
31 2 1732422788.920435 queries/q40_2a8120.sql 6.2127110958099365
31 3 1732422791.901385 queries/q40_2a8120.sql 2.9808480739593506
31 4 1732422794.8702872 queries/q14_6a349.sql 2.9688150882720947
31 5 1732422797.2264588 queries/q3_7a99.sql 2.3560822010040283
31 6 1732422797.3223019 queries/q20_24b.sql 0.09573602676391602
31 7 1732422803.7742689 queries/q4_8a122.sql 6.451857089996338
31 8 1732422812.800991 queries/q40_2a8120.sql 9.026575088500977
31 9 1732422821.630066 queries/q40_2a8120.sql 8.828981161117554
32 0 1732422830.362991 queries/q40_2a8120.sql 8.732877969741821
32 1 1732422832.569283 queries/q1_8a463.sql 2.2062182426452637
32 2 1732422835.7674959 queries/q3_7a99.sql 3.1981120109558105
32 3 1732422843.275597 queries/q17_7a164.sql 7.507975101470947
32 4 1732422851.256978 queries/q40_2a8120.sql 7.98127007484436
32 5 1732422859.4121442 queries/q40_2a8120.sql 8.15510606765747
32 6 1732422861.3067389 queries/q1_8a463.sql 1.8945002555847168
32 7 1732422869.305347 queries/q40_2a8120.sql 7.9985339641571045
32 8 1732422905.420375 queries/q26_2a274.sql 36.11480903625488
32 9 1732422905.643968 queries/q20_24b.sql 0.223372220993042
33 0 1732422908.069922 queries/q3_7a99.sql 2.4258313179016113
33 1 1732422910.5792289 queries/q1_8a463.sql 2.50923490524292
33 2 1732422913.053799 queries/q14_6a349.sql 2.474478006362915
33 3 1732422920.989824 queries/q17_7a164.sql 7.935943126678467
33 4 1732422921.090362 queries/q20_24b.sql 0.10039186477661133
33 5 1732422931.348993 queries/q40_2a8120.sql 10.25853681564331
33 6 1732422937.705725 queries/q4_8a122.sql 6.35662579536438
33 7 1732422938.757239 queries/q1_8a463.sql 1.0514180660247803
33 8 1732422948.526648 queries/q36_7a136.sql 9.769312143325806
33 9 1732422948.6245172 queries/q20_24b.sql 0.09777188301086426
34 0 1732422954.578655 queries/q4_8a122.sql 5.9540321826934814
34 1 1732422956.835711 queries/q28_13a.sql 2.25689697265625
34 2 1732422963.748317 queries/q4_8a122.sql 6.912506818771362
34 3 1732422972.6660302 queries/q17_7a164.sql 8.917540073394775
34 4 1732422978.1076028 queries/q4_8a122.sql 5.441321849822998
34 5 1732422982.923167 queries/q17_7a164.sql 4.815467834472656
34 6 1732422988.5353222 queries/q4_8a122.sql 5.612058162689209
34 7 1732422989.772764 queries/q1_8a463.sql 1.237372875213623
34 8 1732422994.350909 queries/q17_7a164.sql 4.578081130981445
34 9 1732423027.6006012 queries/q26_2a274.sql 33.24956679344177
35 0 1732423029.826787 queries/q3_7a99.sql 2.226018190383911
35 1 1732423029.926511 queries/q20_24b.sql 0.09964394569396973
35 2 1732423039.6581042 queries/q36_7a136.sql 9.731512069702148
35 3 1732423041.417522 queries/q28_13a.sql 1.7593066692352295
35 4 1732423041.4931269 queries/q20_24b.sql 0.07550692558288574
35 5 1732423042.212894 queries/q28_13a.sql 0.7196760177612305
35 6 1732423044.983385 queries/q1_8a463.sql 2.770413637161255
35 7 1732423046.9355268 queries/q3_7a99.sql 1.9520492553710938
35 8 1732423049.313493 queries/q14_6a349.sql 2.3778951168060303
35 9 1732423056.307169 queries/q4_8a122.sql 6.993597984313965
36 0 1732423057.179808 queries/q28_13a.sql 0.8725471496582031
36 1 1732423059.057175 queries/q3_7a99.sql 1.8772680759429932
36 2 1732423060.608126 queries/q3_7a99.sql 1.5508618354797363
36 3 1732423068.392802 queries/q36_7a136.sql 7.784601926803589
36 4 1732423068.471614 queries/q20_24b.sql 0.07870888710021973
36 5 1732423070.608958 queries/q14_6a349.sql 2.1372671127319336
36 6 1732423078.275938 queries/q36_7a136.sql 7.666865110397339
36 7 1732423078.362742 queries/q20_24b.sql 0.08666491508483887
36 8 1732423078.417946 queries/q20_24b.sql 0.055108070373535156
36 9 1732423091.962914 queries/q40_2a8120.sql 13.544869899749756
37 0 1732423093.900701 queries/q3_7a99.sql 1.9376978874206543
37 1 1732423093.991265 queries/q20_24b.sql 0.09047102928161621
37 2 1732423094.0445728 queries/q20_24b.sql 0.053214073181152344
37 3 1732423117.34722 queries/q26_2a274.sql 23.30254602432251
37 4 1732423132.855107 queries/q26_2a274.sql 15.507771968841553
37 5 1732423135.817633 queries/q1_8a463.sql 2.962441921234131
37 6 1732423141.0215921 queries/q17_7a164.sql 5.203821182250977
37 7 1732423156.5827289 queries/q26_2a274.sql 15.56104302406311
37 8 1732423164.061972 queries/q4_8a122.sql 7.479120969772339
37 9 1732423172.116023 queries/q36_7a136.sql 8.053951263427734
38 0 1732423178.034975 queries/q4_8a122.sql 5.918846130371094
38 1 1732423184.758333 queries/q36_7a136.sql 6.723264932632446
38 2 1732423184.852366 queries/q20_24b.sql 0.09392976760864258
38 3 1732423186.186786 queries/q28_13a.sql 1.3343279361724854
38 4 1732423188.675235 queries/q14_6a349.sql 2.4883618354797363
38 5 1732423191.482093 queries/q1_8a463.sql 2.8067851066589355
38 6 1732423217.0623748 queries/q26_2a274.sql 25.58018708229065
38 7 1732423218.472955 queries/q28_13a.sql 1.4104890823364258
38 8 1732423228.19748 queries/q36_7a136.sql 9.724225044250488
38 9 1732423250.920694 queries/q26_2a274.sql 22.722824811935425
39 0 1732423266.894884 queries/q26_2a274.sql 15.974041938781738
39 1 1732423270.5463428 queries/q1_8a463.sql 3.651323080062866
39 2 1732423284.620759 queries/q26_2a274.sql 14.074319124221802
39 3 1732423293.0910568 queries/q4_8a122.sql 8.470139026641846
39 4 1732423295.510038 queries/q3_7a99.sql 2.4188899993896484
39 5 1732423301.7098181 queries/q17_7a164.sql 6.199678897857666
39 6 1732423304.136124 queries/q14_6a349.sql 2.426192045211792
39 7 1732423305.972032 queries/q28_13a.sql 1.8358159065246582
39 8 1732423314.623882 queries/q36_7a136.sql 8.651581048965454
39 9 1732423314.7219741 queries/q20_24b.sql 0.09770703315734863
40 0 1732423325.181398 queries/q40_2a8120.sql 10.459312915802002
40 1 1732423327.260842 queries/q3_7a99.sql 2.079369068145752
40 2 1732423334.7133498 queries/q36_7a136.sql 7.452436923980713
40 3 1732423337.0099719 queries/q1_8a463.sql 2.2965219020843506
40 4 1732423341.916984 queries/q17_7a164.sql 4.906909942626953
40 5 1732423344.270704 queries/q14_6a349.sql 2.353649139404297
40 6 1732423345.751607 queries/q1_8a463.sql 1.4808320999145508
40 7 1732423373.183939 queries/q26_2a274.sql 27.43221402168274
40 8 1732423381.3711731 queries/q40_2a8120.sql 8.187127828598022
40 9 1732423383.710999 queries/q14_6a349.sql 2.339723825454712
41 0 1732423402.48091 queries/q26_2a274.sql 18.76977825164795
41 1 1732423410.590724 queries/q36_7a136.sql 8.109687805175781
41 2 1732423417.203521 queries/q17_7a164.sql 6.61266303062439
41 3 1732423426.186263 queries/q36_7a136.sql 8.982590913772583
41 4 1732423455.2108521 queries/q26_2a274.sql 29.0244243144989
41 5 1732423458.518993 queries/q1_8a463.sql 3.307960033416748
41 6 1732423467.478131 queries/q36_7a136.sql 8.959046125411987
41 7 1732423470.332064 queries/q14_6a349.sql 2.8538219928741455
41 8 1732423472.637677 queries/q3_7a99.sql 2.3055078983306885
41 9 1732423474.270553 queries/q3_7a99.sql 1.632735013961792
42 0 1732423481.550483 queries/q17_7a164.sql 7.279644727706909
42 1 1732423509.1716218 queries/q26_2a274.sql 27.62103796005249
42 2 1732423514.1481369 queries/q17_7a164.sql 4.976392984390259
42 3 1732423522.013889 queries/q4_8a122.sql 7.865584850311279
42 4 1732423524.381514 queries/q28_13a.sql 2.3675172328948975
42 5 1732423527.47679 queries/q14_6a349.sql 3.0951781272888184
42 6 1732423529.64903 queries/q1_8a463.sql 2.1721551418304443
42 7 1732423541.2758772 queries/q40_2a8120.sql 11.626759767532349
42 8 1732423572.273799 queries/q26_2a274.sql 30.997600078582764
42 9 1732423580.486492 queries/q40_2a8120.sql 8.212300062179565
43 0 1732423589.106326 queries/q36_7a136.sql 8.619730949401855
43 1 1732423595.406833 queries/q4_8a122.sql 6.300410032272339
43 2 1732423596.882282 queries/q28_13a.sql 1.475343942642212
43 3 1732423602.719912 queries/q4_8a122.sql 5.837537050247192
43 4 1732423611.047621 queries/q40_2a8120.sql 8.327611923217773
43 5 1732423618.013078 queries/q36_7a136.sql 6.965359210968018
43 6 1732423620.407059 queries/q3_7a99.sql 2.393892765045166
43 7 1732423622.003535 queries/q28_13a.sql 1.5964040756225586
43 8 1732423630.877959 queries/q40_2a8120.sql 8.874327182769775
43 9 1732423632.159055 queries/q28_13a.sql 1.280998945236206
44 0 1732423639.5790532 queries/q40_2a8120.sql 7.419888734817505
44 1 1732423641.617915 queries/q3_7a99.sql 2.038788080215454
44 2 1732423666.036256 queries/q26_2a274.sql 24.41824197769165
44 3 1732423668.424853 queries/q1_8a463.sql 2.388463020324707
44 4 1732423668.774637 queries/q1_8a463.sql 0.3496849536895752
44 5 1732423676.277193 queries/q36_7a136.sql 7.5024590492248535
44 6 1732423678.3181188 queries/q3_7a99.sql 2.040839910507202
44 7 1732423679.496453 queries/q28_13a.sql 1.1782770156860352
44 8 1732423685.8874428 queries/q36_7a136.sql 6.390909910202026
44 9 1732423687.357696 queries/q1_8a463.sql 1.4701621532440186
45 0 1732423689.7234519 queries/q14_6a349.sql 2.3656601905822754
45 1 1732423690.3536398 queries/q1_8a463.sql 0.630115270614624
45 2 1732423690.7208781 queries/q1_8a463.sql 0.3671398162841797
45 3 1732423690.805932 queries/q20_24b.sql 0.08496212959289551
45 4 1732423691.9320252 queries/q28_13a.sql 1.1260120868682861
45 5 1732423698.4778728 queries/q17_7a164.sql 6.5457658767700195
45 6 1732423699.4064891 queries/q1_8a463.sql 0.9285061359405518
45 7 1732423706.997961 queries/q36_7a136.sql 7.591361999511719
45 8 1732423709.046256 queries/q3_7a99.sql 2.048204183578491
45 9 1732423711.239105 queries/q14_6a349.sql 2.192781925201416
46 0 1732423736.309366 queries/q26_2a274.sql 25.069992065429688
46 1 1732423737.741921 queries/q28_13a.sql 1.4321269989013672
46 2 1732423754.3341088 queries/q26_2a274.sql 16.59209394454956
46 3 1732423757.4651232 queries/q1_8a463.sql 3.1308889389038086
46 4 1732423770.945323 queries/q26_2a274.sql 13.48009705543518
46 5 1732423778.5380878 queries/q4_8a122.sql 7.592656135559082
46 6 1732423779.93353 queries/q28_13a.sql 1.3953590393066406
46 7 1732423788.337426 queries/q36_7a136.sql 8.403811931610107
46 8 1732423798.656822 queries/q40_2a8120.sql 10.319300174713135
46 9 1732423801.4130769 queries/q3_7a99.sql 2.7561609745025635
47 0 1732423801.508806 queries/q20_24b.sql 0.09563374519348145
47 1 1732423803.816171 queries/q14_6a349.sql 2.3072938919067383
47 2 1732423803.880245 queries/q20_24b.sql 0.0640249252319336
47 3 1732423805.741475 queries/q3_7a99.sql 1.8611536026000977
47 4 1732423814.0738518 queries/q40_2a8120.sql 8.33228611946106
47 5 1732423820.3639839 queries/q4_8a122.sql 6.290010929107666
47 6 1732423844.5929642 queries/q26_2a274.sql 24.22889494895935
47 7 1732423846.703495 queries/q3_7a99.sql 2.110440254211426
47 8 1732423847.899179 queries/q28_13a.sql 1.1955859661102295
47 9 1732423855.885492 queries/q36_7a136.sql 7.986151933670044
48 0 1732423858.3602529 queries/q1_8a463.sql 2.4746549129486084
48 1 1732423858.765162 queries/q1_8a463.sql 0.40477800369262695
48 2 1732423879.8673012 queries/q26_2a274.sql 21.10180926322937
48 3 1732423882.319523 queries/q14_6a349.sql 2.4517459869384766
48 4 1732423882.433124 queries/q20_24b.sql 0.11353087425231934
48 5 1732423891.033477 queries/q36_7a136.sql 8.600262880325317
48 6 1732423912.908155 queries/q26_2a274.sql 21.874547958374023
48 7 1732423918.976877 queries/q17_7a164.sql 6.068601131439209
48 8 1732423936.018621 queries/q26_2a274.sql 17.041646718978882
48 9 1732423940.568884 queries/q17_7a164.sql 4.5501391887664795
